ACCESSION: MycoMSB-HZI-003240
RECORD_TITLE: Xanthoquinodin B13; timsTOF; MS2; CE:38.53488372093023; [M+Na]+
DATE: 2026.06.26
AUTHORS: Charrià-Girón E, Surup F
LICENSE: CC BY
COPYRIGHT: Helmholtz Centre for Infection Research (HZI)
PUBLICATION: doi:10.3390/jof6040188
COMMENT: Converted from Bruker MetaboScape .library export
CH$NAME: Xanthoquinodin B13
CH$FORMULA: C33H28O12
CH$EXACT_MASS: 616.1581
CH$SMILES: C
CH$IUPAC: InChI=1S/C33H28O12/c1-12-8-16-22(18(36)9-12)27(40)25-26(39)15-6-7-32(25,30(16)44-13(2)34)11-14-10-19(37)23-28(41)24-17(35)4-5-20(38)33(24,31(42)43-3)45-29(23)21(14)15/h6-10,15,20,30,35-39H,4-5,11H2,1-3H3/t15-,20-,30-,32-,33+/m0/s1
CH$LINK: INCHIKEY MIXHWSDHAMCPPR-AXBVMLDUSA-N
SP$SCIENTIFIC_NAME: Jugulospora vestita
AC$INSTRUMENT: timsTOF Pro, Bruker Daltonics
AC$INSTRUMENT_TYPE: TIMS-TOF
AC$MASS_SPECTROMETRY: MS_TYPE MS2
AC$MASS_SPECTROMETRY: ION_MODE POSITIVE
AC$MASS_SPECTROMETRY: COLLISION_ENERGY 38.53488372093023
AC$MASS_SPECTROMETRY: CCS 246.45272827148438
MS$FOCUSED_ION: BASE_PEAK 639.14730
MS$FOCUSED_ION: PRECURSOR_M/Z 639.14730
MS$FOCUSED_ION: PRECURSOR_TYPE [M+Na]+
MS$DATA_PROCESSING: Converted with library_to_massbank.py
PK$SPLASH: splash10-0fbi-0001293000-9ec02a28d648827addf5
PK$NUM_PEAK: 101
PK$PEAK: m/z int. rel.int.
  137.02561 0.0215622 22
  169.05154 0.0338834 34
  179.03210 0.0429043 43
  189.02137 0.0129813 13
  315.09587 0.0070407 7
  331.09715 0.0385039 38
  332.10695 0.0189219 19
  333.11581 0.0466447 47
  343.09648 0.0457646 46
  345.07881 0.020242 20
  355.09680 0.019582 20
  360.10166 0.0426843 43
  361.10742 0.0345435 35
  362.11202 0.0367437 37
  366.08667 0.0279428 28
  368.10665 0.0281628 28
  385.07095 0.0118812 12
  387.06563 0.0138614 14
  387.09181 0.0310231 31
  417.10879 0.0217822 22
  418.11570 0.0138614 14
  433.10788 0.0165017 16
  434.11110 0.0132013 13
  434.66206 0.0090209 9
  437.09289 0.040044 40
  451.11863 0.0358636 36
  452.11801 0.0182618 18
  461.09577 0.0171617 17
  469.12629 0.227723 227
  469.21258 0.0162816 16
  470.13199 0.0761276 76
  470.14015 0.0761276 76
  474.11803 0.0167217 17
  475.10782 0.0378438 38
  476.12284 0.0136414 14
  479.11093 0.0776678 78
  479.16882 0.0123212 12
  480.11189 0.0264026 26
  481.11565 0.0173817 17
  481.24604 0.00506051 5
  489.09811 0.019582 20
  494.12702 0.0132013 13
  497.12272 0.10341 103
  498.12128 0.060286 60
  501.15818 0.0169417 17
  502.10409 0.0180418 18
  505.08428 0.0169417 17
  507.10465 0.0664466 66
  510.12738 0.0165017 16
  511.13948 0.124092 124
  512.14450 0.0378438 38
  513.14896 0.0294829 29
  513.17022 0.0215622 22
  515.11032 0.0143014 14
  519.09606 0.0242024 24
  520.09608 0.0226623 23
  520.11347 0.060066 60
  521.12425 0.0558856 56
  521.88482 0.00528053 5
  522.11712 0.0173817 17
  522.14214 0.0134213 13
  524.14566 0.0182618 18
  529.14301 0.0985699 98
  529.29001 0.0107811 11
  530.13963 0.00814081 8
  530.15582 0.0345435 35
  533.11870 0.0136414 14
  534.11960 0.0134213 13
  536.10611 0.0154015 15
  539.13234 0.185919 186
  540.13336 0.070407 70
  547.09234 0.0171617 17
  547.10697 0.0151815 15
  551.12950 0.648405 648
  551.24549 0.0125413 13
  552.13031 0.141694 142
  552.13794 0.141694 142
  552.56841 0.00550055 5
  553.13848 0.0211221 21
  554.22060 0.00990099 10
  554.51155 0.00528053 5
  557.14415 0.113751 114
  558.14484 0.0805281 80
  561.11352 0.0715072 71
  562.11423 0.0178218 18
  579.12369 1 999
  579.41235 0.00836084 8
  580.12998 0.250385 250
  580.59146 0.00506051 5
  581.12302 0.0224422 22
  581.25877 0.00682068 7
  608.13057 0.0160616 16
  621.13468 0.030143 30
  621.14944 0.0437844 44
  622.14331 0.0156216 16
  639.14649 0.777338 777
  639.17910 0.0638064 64
  640.15085 0.419802 419
  641.05941 0.00506051 5
  641.15176 0.0578658 58
  642.36307 0.00836084 8
//