ACCESSION: MycoMSB-HZI-003192
RECORD_TITLE: 14-Hydroxy-dihydropleurotinic acid; timsTOF; MS2; CE:32.79069767441861; [M+H-2H2O]+
DATE: 2026.06.26
AUTHORS: Charrià-Girón E, Surup F
LICENSE: CC BY
COPYRIGHT: Helmholtz Centre for Infection Research (HZI)
PUBLICATION: doi:10.3390/molecules23102697
COMMENT: Converted from Bruker MetaboScape .library export
CH$NAME: 14-Hydroxy-dihydropleurotinic acid
CH$FORMULA: C21H24O6
CH$EXACT_MASS: 372.1573
CH$SMILES: C
CH$IUPAC: InChI=1S/C21H24O6/c1-9-8-27-19-16-14(23)5-4-13(22)15(16)18(24)17-11(20(25)26)2-3-12-10(9)6-7-21(12,17)19/h4-5,9-12,17-19,24H,2-3,6-8H2,1H3,(H,25,26)/t9-,10-,11-,12+,17-,18-,19-,21-/m1/s1
CH$LINK: INCHIKEY SUXBYGIWCZZVIR-FJKCABEUSA-N
SP$SCIENTIFIC_NAME: Hohenbuehelia grisea
AC$INSTRUMENT: timsTOF Pro, Bruker Daltonics
AC$INSTRUMENT_TYPE: TIMS-TOF
AC$MASS_SPECTROMETRY: MS_TYPE MS2
AC$MASS_SPECTROMETRY: ION_MODE POSITIVE
AC$MASS_SPECTROMETRY: COLLISION_ENERGY 32.79069767441861
AC$MASS_SPECTROMETRY: CCS 157.8607635498047
MS$FOCUSED_ION: BASE_PEAK 337.14344
MS$FOCUSED_ION: PRECURSOR_M/Z 337.14344
MS$FOCUSED_ION: PRECURSOR_TYPE [M+H-2H2O]+
MS$DATA_PROCESSING: Converted with library_to_massbank.py
PK$SPLASH: splash10-0f9i-0093000000-92889f183329542369d7
PK$NUM_PEAK: 104
PK$PEAK: m/z int. rel.int.
  114.07544 0.0123626 12
  116.77600 0.0123626 12
  143.11776 0.0123626 12
  155.08733 0.148352 148
  160.05079 0.0302198 30
  164.45004 0.0123626 12
  165.05438 0.0934066 93
  175.04209 0.131868 132
  183.08345 0.103022 103
  193.10315 0.145604 145
  193.18358 0.0370879 37
  194.07382 0.103022 103
  194.10432 0.0714286 71
  201.05638 0.125 125
  203.08872 0.115385 115
  211.07247 0.146978 147
  212.38121 0.0357143 36
  213.98677 0.0123626 12
  215.07274 0.103022 103
  216.08788 0.0645604 64
  221.10402 0.145604 145
  223.07145 0.0686813 69
  227.06781 0.0879121 88
  227.14325 0.0137363 14
  230.06880 0.125 125
  231.08118 0.318681 318
  237.86608 0.0123626 12
  247.07262 0.318681 318
  248.07926 0.181319 181
  249.09324 0.369505 369
  249.78956 0.0659341 66
  250.10115 0.0947802 95
  251.06941 1 999
  251.10154 0.0961538 96
  252.07909 0.153846 154
  253.08591 0.118132 118
  255.06810 0.10989 110
  258.10488 0.20467 204
  261.05600 0.0659341 66
  261.08670 0.248626 248
  262.06285 0.112637 113
  263.10835 0.184066 184
  263.14014 0.141484 141
  264.21964 0.0123626 12
  267.10059 0.105769 106
  275.07391 0.137363 137
  275.10505 0.142857 143
  276.07882 0.10989 110
  276.11521 0.131868 132
  277.08405 0.43544 435
  277.09042 0.43544 435
  278.09153 0.092033 92
  279.10300 0.534341 534
  288.10009 0.0315934 32
  289.08063 0.166209 166
  291.13260 0.34478 344
  291.13957 0.34478 344
  292.10975 0.18544 185
  292.14183 0.138736 139
  294.09066 0.218407 218
  295.09823 0.0947802 95
  295.12778 0.159341 159
  298.44500 0.0123626 12
  306.13044 0.145604 145
  307.13843 0.164835 165
  308.13709 0.182692 183
  310.11447 0.156593 156
  319.13148 0.0975275 97
  320.13824 0.171703 172
  336.85517 0.0247253 25
  337.13930 0.620879 620
  337.14775 0.721154 720
  338.10517 0.0480769 48
  338.14755 0.516484 516
  340.94128 0.0123626 12
  386.71410 0.0123626 12
  393.51096 0.0123626 12
  413.03517 0.0123626 12
  460.34936 0.0123626 12
  489.99679 0.0123626 12
  571.61692 0.0123626 12
  587.53053 0.0123626 12
  590.43460 0.0123626 12
  612.01957 0.0123626 12
  646.99225 0.0123626 12
  681.00448 0.0123626 12
  682.20103 0.0123626 12
  729.43633 0.0123626 12
  737.40029 0.0123626 12
  842.17732 0.0123626 12
  865.17458 0.0123626 12
  873.92003 0.0123626 12
  947.96966 0.0123626 12
  1021.34766 0.0123626 12
  1041.07823 0.0123626 12
  1089.90804 0.0123626 12
  1249.36210 0.0123626 12
  1268.89409 0.0123626 12
  1301.49057 0.0123626 12
  1381.04123 0.0123626 12
  1425.54942 0.0123626 12
  1630.16277 0.0123626 12
  1742.48053 0.0123626 12
  1758.66548 0.0123626 12
//