ACCESSION: MycoMSB-HZI-002160
RECORD_TITLE: Illudin M; timsTOF; MS2; CE:31.232558139534884; [M+H-H2O]+
DATE: 2026.06.26
AUTHORS: Charrià-Girón E, Surup F
LICENSE: CC BY
COPYRIGHT: Helmholtz Centre for Infection Research (HZI)
PUBLICATION: doi:10.1016/s0031-9422(00)97229-7
SP$SCIENTIFIC_NAME: Unknown-fungus sp.
COMMENT: Converted from Bruker MetaboScape .library export
CH$NAME: Illudin M
CH$COMPOUND_CLASS: Terpenoids
CH$FORMULA: C15H20O3
CH$EXACT_MASS: 248.1412
CH$SMILES: CC1=C2C(=CC(C)(C)C2(O)[H])C(C(C)(C31CC3)O)=O
CH$IUPAC: InChI=1S/C15H20O3/c1-8-10-9(7-13(2,3)12(10)17)11(16)14(4,18)15(8)5-6-15/h7,12,17-18H,5-6H2,1-4H3
CH$LINK: INCHIKEY QVMDIQLUNODCTG-OCCSQVGLSA-N
AC$INSTRUMENT: timsTOF Pro, Bruker Daltonics
AC$INSTRUMENT_TYPE: TIMS-TOF
AC$MASS_SPECTROMETRY: MS_TYPE MS2
AC$MASS_SPECTROMETRY: ION_MODE POSITIVE
AC$MASS_SPECTROMETRY: COLLISION_ENERGY 31.232558139534884
AC$MASS_SPECTROMETRY: CCS 135.6408233642578
MS$FOCUSED_ION: BASE_PEAK 231.13796
MS$FOCUSED_ION: PRECURSOR_M/Z 231.13796
MS$FOCUSED_ION: PRECURSOR_TYPE [M+H-H2O]+
MS$DATA_PROCESSING: Converted with library_to_massbank.py
PK$SPLASH: splash10-0f8a-0970000000-78e2db9cb7e0c05267d0
PK$NUM_PEAK: 87
PK$PEAK: m/z int. rel.int.
  129.06572 0.0397378 40
  129.07283 0.0389185 39
  133.10227 0.0589922 59
  135.08385 0.0389185 39
  139.05404 0.0389185 39
  141.06998 0.0438345 44
  143.07986 0.137239 137
  143.08547 0.0979107 98
  145.06438 0.0553052 55
  145.10395 0.0495698 50
  147.07585 0.0577632 58
  154.07747 0.0356411 36
  155.08487 0.0393281 39
  156.08773 0.0766079 77
  156.09360 0.0274478 27
  157.08598 0.0536665 54
  157.10363 0.106104 106
  159.07984 0.121262 121
  159.08809 0.00983204 10
  159.11374 0.0462925 46
  160.08598 0.0331831 33
  161.09620 0.165096 165
  161.10685 0.0319541 32
  169.08535 0.0434248 43
  170.07327 0.0421958 42
  170.10999 0.0819336 82
  171.08044 0.0598116 60
  171.11113 0.0487505 49
  172.08852 0.127407 127
  173.09752 0.0745596 74
  174.10120 0.0598116 60
  174.10739 0.0385088 38
  175.07260 0.0344121 34
  175.08709 0.0151577 15
  175.11193 0.0405571 41
  180.08976 0.106514 106
  180.09606 0.0520279 52
  180.10656 0.00942237 9
  182.09579 0.0282671 28
  183.07927 0.212208 212
  184.08322 0.092585 92
  184.08958 0.0389185 39
  185.08416 0.0442442 44
  185.09519 0.131913 132
  185.13399 0.0745596 74
  186.06862 0.0553052 55
  186.10703 0.0409668 41
  186.13477 0.0479312 48
  187.07677 0.0831626 83
  187.10990 0.0868497 87
  188.08243 0.113888 114
  188.09043 0.0376895 38
  189.08714 0.0286768 29
  189.12669 0.0843916 84
  195.11400 0.0798853 80
  195.12055 0.0487505 49
  197.09638 0.0397378 40
  197.11614 0.0266284 27
  198.10427 0.85129 850
  199.10682 0.106514 106
  199.11526 0.0294961 29
  200.10533 0.0487505 49
  201.08246 0.324048 324
  201.08935 0.343712 343
  201.10458 0.0413765 41
  201.11648 0.0671856 67
  201.12533 0.0983204 98
  201.21321 0.00983204 10
  202.09759 0.367063 367
  203.10460 0.112249 112
  203.14241 0.207702 207
  203.96279 0.0176157 18
  204.31814 0.0106514 11
  213.12724 0.477263 477
  214.13022 0.0630889 63
  215.10183 0.0323638 32
  215.13165 0.0565342 56
  216.11249 0.403523 403
  217.11617 0.0368701 37
  229.12231 0.0258091 26
  230.12731 0.0344121 34
  230.15579 0.0327735 33
  231.13756 1 999
  231.16068 0.0282671 28
  231.27723 0.0225317 23
  232.14095 0.227776 228
  233.02897 0.0155674 16
//