ACCESSION: MycoMSB-HZI-000404
RECORD_TITLE: Ketocytochalasin; timsTOF; MS2; CE:37.02325581395349; [M+Na]+
DATE: 2026.06.26
AUTHORS: Charrià-Girón E, Surup F
LICENSE: CC BY
COPYRIGHT: Helmholtz Centre for Infection Research (HZI)
SP$SCIENTIFIC_NAME: Arthrinium arundinis
PUBLICATION: doi:10.1055/s-0034-1383403
COMMENT: Converted from Bruker MetaboScape .library export
CH$NAME: Ketocytochalasin
CH$COMPOUND_CLASS: Alkaloids
CH$FORMULA: C28H33NO3
CH$EXACT_MASS: 431.2460
CH$SMILES: C[C@H]1C/C=C/[C@H]2C=C([C@H]([C@@H]3[C@@]2(C(=O)/C=C/[C@@H](C1=O)C)C(=O)N[C@H]3CC4=CC=CC=C4)C)C
CH$IUPAC: InChI=1S/C28H33NO3/c1-17-9-8-12-22-15-19(3)20(4)25-23(16-21-10-6-5-7-11-21)29-27(32)28(22,25)24(30)14-13-18(2)26(17)31/h5-8,10-15,17-18,20,22-23,25H,9,16H2,1-4H3,(H,29,32)/b12-8+,14-13+/t17-,18-,20+,22-,23-,25-,28+/m0/s1
CH$LINK: INCHIKEY MZRDRLOYHFZNCS-IZVHRENNSA-N
AC$INSTRUMENT: timsTOF Pro, Bruker Daltonics
AC$INSTRUMENT_TYPE: timsTOF
AC$MASS_SPECTROMETRY: MS_TYPE MS2
AC$MASS_SPECTROMETRY: ION_MODE POSITIVE
AC$MASS_SPECTROMETRY: COLLISION_ENERGY 37.02325581395349
AC$MASS_SPECTROMETRY: CCS 214.90586853027344
MS$FOCUSED_ION: BASE_PEAK 454.23526
MS$FOCUSED_ION: PRECURSOR_M/Z 454.23526
MS$FOCUSED_ION: PRECURSOR_TYPE [M+Na]+
MS$DATA_PROCESSING: Converted with library_to_massbank.py
PK$SPLASH: splash10-0zfr-0484900000-43ad37af2e452a96f85f
PK$NUM_PEAK: 120
PK$PEAK: m/z int. rel.int.
  132.00470 0.0164125 16
  133.04913 0.0139571 14
  134.01799 0.0133109 13
  134.05421 0.0182218 18
  147.02976 0.0155079 15
  158.02219 0.00969243 10
  158.03595 0.014991 15
  159.02800 0.012794 13
  159.03648 0.0107263 11
  161.05892 0.0117601 12
  172.03919 0.0105971 11
  173.07687 0.0165417 17
  184.03666 0.0109848 11
  185.04690 0.104937 105
  186.05304 0.330706 330
  186.09440 0.00801241 8
  187.05975 0.106229 106
  187.09653 0.00529853 5
  188.05201 0.00684932 7
  188.06059 0.012794 13
  188.12495 0.00568622 6
  195.06574 0.113208 113
  196.06867 0.0348927 35
  198.05318 0.0214526 21
  199.06490 0.0100801 10
  199.09360 0.0102094 10
  201.16041 0.0122771 12
  203.05507 0.0115017 11
  213.07699 0.0197726 20
  214.04851 0.0104678 10
  214.05767 0.00775394 8
  214.08284 0.0271388 27
  220.07488 0.0130525 13
  222.05209 0.176919 177
  222.09139 0.0117601 12
  223.05753 0.0130525 13
  224.06983 0.0228741 23
  224.09835 0.00607392 6
  225.07194 0.0195141 19
  228.06377 0.0102094 10
  234.09146 0.0177048 18
  235.11931 0.0187387 19
  238.08601 0.0227449 23
  238.17049 0.0133109 13
  239.09261 0.0240372 24
  242.07541 0.0139571 14
  243.08666 0.0527268 53
  244.08859 0.0249418 25
  248.06695 0.223572 223
  248.10442 0.00943396 9
  249.07268 0.0304988 30
  249.11564 0.0235203 23
  252.98201 0.00529853 5
  253.10643 0.00982166 10
  253.15371 0.021711 22
  254.07791 0.0130525 13
  254.16519 0.0103386 10
  256.09404 0.0338589 34
  256.10155 0.0155079 15
  262.08365 0.0935642 93
  263.08765 0.00814164 8
  263.12063 0.0104678 10
  264.09724 0.0268803 27
  266.11302 0.0170587 17
  267.13980 0.0087878 9
  276.09932 0.060093 60
  277.05538 0.00581546 6
  277.10674 0.337943 338
  278.10893 0.129232 129
  279.11871 0.0493668 49
  281.14900 0.0202895 20
  281.15197 0.0202895 20
  283.16527 0.0460067 46
  285.21990 0.0091755 9
  287.12248 0.0189972 19
  290.11210 0.0188679 19
  305.09842 0.00659085 7
  305.13667 0.0135694 14
  308.16074 0.0118894 12
  311.45364 0.00620315 6
  315.12109 0.0440682 44
  316.13092 0.0213233 21
  319.11189 0.0211941 21
  319.23959 0.0120186 12
  332.12565 0.00865857 9
  333.13459 0.0902042 90
  334.12986 0.00982166 10
  334.14416 0.00995089 10
  334.17847 0.0228741 23
  334.18705 0.0148617 15
  336.19174 0.0115017 11
  346.14499 0.00710778 7
  348.15640 0.0532437 53
  348.16397 0.0532437 53
  349.20166 0.0105971 11
  350.20792 0.0134402 13
  362.17272 0.0155079 15
  363.18154 0.336521 336
  364.18333 0.105712 106
  364.20281 0.00684932 7
  364.21773 0.00659085 7
  364.23266 0.00568622 6
  364.24759 0.00555699 6
  365.09892 0.00568622 6
  365.18524 0.0558284 56
  375.21061 0.00568622 6
  427.23599 0.0108555 11
  436.22263 0.00891703 9
  436.24877 0.00555699 6
  454.23326 1 999
  454.25906 0.0223572 22
  454.99021 0.00633239 6
  455.23738 0.520806 520
  455.25384 0.0104678 10
  455.26719 0.00697855 7
  455.34729 0.0148617 15
  455.52422 0.00581546 6
  456.24707 0.336521 336
  456.27872 0.00723701 7
  457.25529 0.0431636 43
//