ACCESSION: MycoMSB-HZI-000423
RECORD_TITLE: Ophiobolin K; timsTOF; MS2; CE:35.2; [M+H-2H2O]+
DATE: 2026.06.26
AUTHORS: Unknown
LICENSE: CC BY
COPYRIGHT: Helmholtz Centre for Infection Research (HZI)
SP$SCIENTIFIC_NAME: Aspergillus sp.
PUBLICATION: doi:10.1016/s0040-4020(01)96148-4
COMMENT: Converted from Bruker MetaboScape .library export
CH$NAME: Ophiobolin K
CH$COMPOUND_CLASS: Terpenoids
CH$FORMULA: C25H36O3
CH$EXACT_MASS: 384.2664
CH$SMILES: C[C@@H](/C=C\C=C(C)C)[C@H]1CC[C@]2([C@H]1C/C=C(\[C@@H]3[C@H](C2)[C@](CC3=O)(C)O)/C=O)C
CH$IUPAC: InChI=1S/C25H36O3/c1-16(2)7-6-8-17(3)19-11-12-24(4)13-21-23(22(27)14-25(21,5)28)18(15-26)9-10-20(19)24/h6-9,15,17,19-21,23,28H,10-14H2,1-5H3/b8-6-,18-9-/t17-,19+,20-,21-,23+,24+,25+/m0/s1
CH$LINK: INCHIKEY TXEVVAPERSDMTN-KAKRINCYSA-N
AC$INSTRUMENT: timsTOF Pro, Bruker Daltonics
AC$INSTRUMENT_TYPE: timsTOF
AC$MASS_SPECTROMETRY: MS_TYPE MS2
AC$MASS_SPECTROMETRY: ION_MODE POSITIVE
AC$MASS_SPECTROMETRY: COLLISION_ENERGY 35.2093023255814
AC$MASS_SPECTROMETRY: CCS 184.53768920898438
MS$FOCUSED_ION: BASE_PEAK 349.25259
MS$FOCUSED_ION: PRECURSOR_M/Z 349.25259
MS$FOCUSED_ION: PRECURSOR_TYPE [M+H-2H2O]+
MS$DATA_PROCESSING: Converted with library_to_massbank.py
PK$SPLASH: splash10-0ka9-0192000000-4af9f24964e63c19521c
PK$NUM_PEAK: 198
PK$PEAK: m/z int. rel.int.
  121.10222 0.0196907 20
  123.11594 0.0161875 16
  127.05210 0.00966417 10
  128.06086 0.0123218 12
  142.07703 0.0245228 24
  143.08657 0.012805 13
  144.05933 0.0153419 15
  144.09501 0.0146171 15
  149.09287 0.0189659 19
  153.06888 0.00966417 10
  153.07663 0.0106306 11
  155.08301 0.0208988 21
  156.08718 0.0137714 14
  157.10117 0.0489249 49
  158.10451 0.0113554 11
  159.08158 0.0217444 22
  159.11535 0.0482 48
  161.44599 0.0055569 6
  165.12981 0.0119594 12
  166.07792 0.010389 10
  167.08422 0.0589514 59
  168.09381 0.00906016 9
  169.10245 0.0514617 51
  171.11693 0.0620923 62
  172.12103 0.0154627 15
  172.79892 0.00652331 7
  173.09514 0.0131674 13
  178.08002 0.00797294 8
  179.08601 0.0271805 27
  180.09281 0.0254892 25
  181.09989 0.0949505 95
  181.11123 0.0059193 6
  183.08487 0.0160667 16
  183.11525 0.0657164 66
  183.12002 0.0657164 66
  185.09473 0.0192075 19
  185.80834 0.00700652 7
  186.10671 0.0212612 21
  187.10701 0.012201 12
  193.10063 0.081783 82
  194.06674 0.0123218 12
  194.10475 0.0396231 40
  195.07916 0.0159459 16
  195.11647 0.139526 139
  197.13006 0.068374 68
  197.13631 0.0668036 67
  198.09701 0.0178787 18
  199.10321 0.0263349 26
  199.11337 0.055569 56
  199.14725 0.0212612 21
  200.11219 0.0135298 14
  201.16686 0.0120802 12
  203.08608 0.0105098 10
  205.09953 0.0153419 15
  205.94047 0.00664412 7
  207.11586 0.114641 115
  208.12366 0.00918096 9
  208.13269 0.0125634 13
  209.13236 0.186398 186
  210.10292 0.0196907 20
  210.10972 0.0120802 12
  210.13630 0.0245228 24
  211.11095 0.0550858 55
  211.15174 0.00700652 7
  212.15533 0.0126842 13
  213.12247 0.0218652 22
  213.12932 0.00845615 8
  214.13530 0.0163083 16
  215.14135 0.00809374 8
  216.09592 0.0297173 30
  217.09830 0.00748973 7
  219.11677 0.0862527 86
  219.13371 0.0100266 10
  220.12124 0.0577434 58
  220.13504 0.00652331 7
  221.13112 0.0910848 91
  222.13317 0.0111138 11
  222.14250 0.00942257 9
  223.11089 0.0291133 29
  223.14599 0.0948297 95
  224.15585 0.0149795 15
  224.32069 0.00531529 5
  225.12880 0.0269389 27
  225.16255 0.0054361 5
  226.13260 0.0373279 37
  226.17298 0.0106306 11
  227.14181 0.0221068 22
  228.14628 0.0198115 20
  228.18172 0.0114762 11
  230.10917 0.00821454 8
  231.11398 0.0171539 17
  232.12813 0.0106306 11
  233.13068 0.306837 307
  234.13821 0.0716357 72
  235.14844 0.056777 57
  236.15634 0.0355158 35
  237.12618 0.0837159 84
  237.16216 0.0990577 99
  237.16867 0.0890312 89
  239.14352 0.0542402 54
  239.18530 0.010389 10
  240.18195 0.0193283 19
  241.15853 0.0589514 59
  243.12289 0.00881856 9
  245.12955 0.00966417 10
  246.13920 0.0300797 30
  247.14912 0.213941 214
  248.15114 0.0388983 39
  248.16339 0.00966417 10
  249.16198 0.0919304 92
  250.16586 0.0176371 18
  250.17576 0.0123218 12
  251.14192 0.227108 227
  251.15648 0.00906016 9
  251.17952 0.279295 279
  252.14861 0.0506161 51
  252.17972 0.0362406 36
  252.18650 0.0362406 36
  253.15904 0.0357574 36
  253.19356 0.0206572 21
  254.20243 0.0105098 10
  258.13808 0.0111138 11
  259.14874 0.144117 144
  259.15624 0.104494 104
  260.15477 0.0798502 80
  261.15868 0.0300797 30
  261.16857 0.0179995 18
  262.16729 0.0125634 13
  262.18249 0.0120802 12
  263.17989 0.247644 247
  264.18442 0.0484417 48
  264.19178 0.055569 56
  265.14917 0.0332206 33
  265.15880 0.0595554 59
  265.19298 0.0581058 58
  266.16100 0.0324958 32
  266.19962 0.0393815 39
  267.14476 0.00857695 9
  268.18580 0.0234356 23
  272.15445 0.021986 22
  273.16089 0.0492873 49
  273.17288 0.036603 37
  274.17024 0.483571 483
  274.18822 0.00736893 7
  274.90876 0.00519449 5
  275.14223 0.0166707 17
  275.17869 0.111863 112
  275.19490 0.0135298 14
  276.18160 0.0387775 39
  277.19377 0.081783 82
  278.14723 0.00954337 10
  278.20202 0.0136506 14
  279.20852 0.0254892 25
  282.19243 0.00918096 9
  287.17836 0.0578642 58
  288.18428 0.0860111 86
  288.18895 0.0860111 86
  289.19338 1 999
  289.21217 0.0105098 10
  289.86420 0.00640251 6
  290.19913 0.247161 247
  290.73839 0.0059193 6
  291.17672 0.0235564 24
  291.20917 0.0183619 18
  292.21206 0.0210196 21
  293.19090 0.240155 240
  293.22417 0.0142547 14
  294.12754 0.0112346 11
  294.19314 0.0276637 28
  294.20041 0.0299589 30
  301.19392 0.0321334 32
  301.21176 0.0166707 17
  302.19326 0.0338246 34
  302.19942 0.0338246 34
  303.21862 0.0119594 12
  304.20818 0.0123218 12
  305.22576 0.101232 101
  306.19761 0.0113554 11
  306.23251 0.0265765 27
  307.20490 0.712491 712
  307.22491 0.011597 12
  307.23824 0.0869775 87
  308.20744 0.218773 219
  308.21711 0.0565354 56
  308.23471 0.00616091 6
  308.24570 0.0054361 5
  315.21361 0.00869775 9
  316.21918 0.0570186 57
  317.21914 0.0184827 18
  319.20588 0.00893936 9
  321.26005 0.0233148 23
  329.22410 0.00857695 9
  331.24199 0.25598 256
  332.21384 0.0100266 10
  332.24226 0.0356366 36
  332.25376 0.00857695 9
  349.25373 0.158372 158
  350.25689 0.0420391 42
//