ACCESSION: MycoMSB-HZI-000500
RECORD_TITLE: Viridicatumtoxin; timsTOF; MS2; CE:37.4; [M+H-H2O]+
DATE: 2026.06.26
AUTHORS: Unknown
LICENSE: CC BY
COPYRIGHT: Helmholtz Centre for Infection Research (HZI)
SP$SCIENTIFIC_NAME: Penicillium aethiopicum
PUBLICATION: doi:10.1016/0041-008x(73)90057-4
COMMENT: Converted from Bruker MetaboScape .library export
CH$NAME: Viridicatumtoxin
CH$COMPOUND_CLASS: Polyketides / Terpenoids
CH$FORMULA: C30H31NO10
CH$EXACT_MASS: 565.1948
CH$SMILES: CC1=CCCC(C)(C)C21CC3=C4C(C(=CC(=C42)OC)O)=C(C5=C3C(C6(CC(=C(C(C6(C5=O)O)=O)C(=N)O)O)O)(O)[H])O
CH$IUPAC: InChI=1S/C30H31NO10/c1-11-6-5-7-27(2,3)28(11)9-12-16-18(13(32)8-15(41-4)21(16)28)22(34)20-17(12)23(35)29(39)10-14(33)19(26(31)38)24(36)30(29,40)25(20)37/h6,8,23,32-35,39-40H,5,7,9-10H2,1-4H3,(H2,31,38)
CH$LINK: INCHIKEY SUWQGLGDFGHZNH-WBWZXODPSA-N
AC$INSTRUMENT: timsTOF Pro, Bruker Daltonics
AC$INSTRUMENT_TYPE: timsTOF
AC$MASS_SPECTROMETRY: MS_TYPE MS2
AC$MASS_SPECTROMETRY: ION_MODE POSITIVE
AC$MASS_SPECTROMETRY: COLLISION_ENERGY 37.372093023255815
AC$MASS_SPECTROMETRY: CCS 228.94520568847656
MS$FOCUSED_ION: BASE_PEAK 548.19151
MS$FOCUSED_ION: PRECURSOR_M/Z 548.19151
MS$FOCUSED_ION: PRECURSOR_TYPE [M+H-H2O]+
MS$DATA_PROCESSING: Converted with library_to_massbank.py
PK$SPLASH: splash10-001i-0004930000-c6816479f21e9da65b98
PK$NUM_PEAK: 292
PK$PEAK: m/z int. rel.int.
  251.06886 0.00738007 7
  277.08787 0.0107725 11
  279.06299 0.00934413 9
  281.11747 0.00613022 6
  291.06783 0.00523747 5
  293.04435 0.0132127 13
  293.08362 0.0180931 18
  307.05676 0.0474943 47
  307.09893 0.0252946 25
  307.13011 0.00708249 7
  308.06012 0.00702297 7
  309.06881 0.0101178 10
  309.07932 0.0120224 12
  311.05164 0.0151768 15
  311.06271 0.00613022 6
  313.07160 0.00648732 6
  317.08371 0.00803476 8
  319.05883 0.0182121 18
  319.09464 0.016129 16
  320.06828 0.00595167 6
  320.09347 0.00666587 7
  320.10186 0.00523747 5
  321.07538 0.0110106 11
  322.07966 0.01232 12
  322.11442 0.00529699 5
  323.05510 0.0142245 14
  323.07807 0.00797524 8
  324.08541 0.00892751 9
  324.09667 0.00553506 6
  325.06877 0.0313653 31
  325.08867 0.00868944 9
  326.07542 0.0117248 12
  331.10664 0.00559457 6
  333.03922 0.0277943 28
  333.04497 0.0289251 29
  333.07390 0.0201167 20
  334.07517 0.0141055 14
  335.05417 0.0122009 12
  335.09125 0.266933 267
  335.10788 0.0220807 22
  336.06201 0.0271991 27
  336.09703 0.0705273 70
  337.06955 0.0246399 25
  337.07928 0.00505892 5
  337.10717 0.0122604 12
  338.07443 0.0257112 26
  339.08834 0.0802881 80
  340.05821 0.00553506 6
  340.09314 0.0244614 24
  343.09661 0.00797524 8
  345.14521 0.00672539 7
  347.05567 0.0220212 22
  347.09071 0.0411856 41
  348.04860 0.00601119 6
  348.12739 0.00618974 6
  349.06742 0.0389835 39
  349.07540 0.0336269 34
  350.07218 0.0180931 18
  350.08201 0.0160695 16
  351.08562 0.0424949 42
  352.08904 0.0104749 10
  352.10500 0.00684442 7
  353.07076 0.0293417 29
  360.05380 0.00553506 6
  361.03692 0.00642781 6
  361.06611 0.0180336 18
  361.11001 0.00940364 9
  362.07517 0.0113677 11
  362.07943 0.0113677 11
  363.08531 0.126354 126
  363.15702 0.0443995 44
  364.08015 0.0170813 17
  364.09276 0.0179741 18
  365.06645 0.117069 117
  365.10026 0.00738007 7
  366.06973 0.0397572 40
  366.10602 0.00857041 9
  367.03577 0.00618974 6
  367.08365 0.00583264 6
  368.07031 0.00767766 8
  372.06278 0.00755862 8
  373.07403 0.0171408 17
  373.10627 0.0118438 12
  374.07361 0.00987978 10
  375.05090 0.0717772 72
  375.09008 0.0140459 14
  375.12484 0.00851089 9
  376.05621 0.0216046 22
  376.09430 0.0126771 13
  377.06635 0.0113082 11
  377.10181 0.00987978 10
  377.18222 0.00511844 5
  378.07410 0.0152958 15
  378.10820 0.0120224 12
  379.08018 0.0592787 59
  380.08299 0.00892751 9
  387.08708 0.0113677 11
  387.15772 0.00708249 7
  388.05188 0.00577312 6
  388.09394 0.010832 11
  388.12167 0.00535651 5
  389.06897 0.0303535 30
  389.10166 0.0330913 33
  389.18010 0.0276158 28
  390.17676 0.0114272 11
  391.07721 0.023152 23
  391.08726 0.017855 18
  391.11704 0.0107725 11
  391.15065 0.00577312 6
  392.07651 0.0220212 22
  393.06042 0.417569 417
  393.09823 0.0240448 24
  394.06388 0.106118 106
  394.09314 0.0100583 10
  395.06571 0.00868944 9
  399.08546 0.00571361 6
  400.05476 0.00755862 8
  401.07067 0.0167837 17
  401.09874 0.0140459 14
  402.07032 0.00928461 9
  402.14672 0.0126771 13
  403.04568 0.0336865 34
  403.07699 0.0223188 22
  403.12139 0.0136293 14
  403.15275 0.0165456 17
  404.08926 0.014165 14
  404.17008 0.00565409 6
  405.04793 0.00541602 5
  405.06294 0.00886799 9
  405.09920 0.0232115 23
  407.07604 0.158612 158
  408.07913 0.0423759 42
  410.08710 0.042852 43
  411.09116 0.023271 23
  412.09040 0.00964171 10
  413.09951 0.00583264 6
  415.08462 0.132246 132
  415.15586 0.00589216 6
  416.08488 0.0260683 26
  417.05807 0.0206523 21
  417.09587 0.0118438 12
  417.17128 0.0790977 79
  417.18445 0.0114272 11
  418.06214 0.0109511 11
  418.17362 0.0145816 15
  419.07614 0.0424949 42
  419.11283 0.017855 18
  419.17762 0.00523747 5
  420.07911 0.0254732 25
  421.05583 0.47542 475
  421.09029 0.0105345 11
  421.16535 0.0245209 24
  422.05794 0.109213 109
  422.16466 0.014403 14
  423.06545 0.00630877 6
  424.10208 0.00862993 9
  424.11819 0.00607071 6
  425.10656 0.00904654 9
  426.08228 0.00529699 5
  429.06121 0.00857041 9
  429.09435 0.0414832 41
  429.10843 0.0154743 15
  429.12602 0.00511844 5
  430.09986 0.0592191 59
  430.14084 0.00577312 6
  431.07611 0.298953 299
  431.10233 0.0149982 15
  432.07770 0.103916 104
  432.11215 0.00702297 7
  433.05562 0.0191049 19
  433.09139 0.383169 383
  433.11336 0.0128556 13
  434.09610 0.0666587 67
  435.07006 0.0856446 86
  435.09839 0.0106535 11
  436.07413 0.0299964 30
  436.08835 0.00642781 6
  436.10396 0.0132127 13
  437.08909 0.0176765 18
  438.08069 0.328651 328
  438.10653 0.00589216 6
  439.08470 0.105999 106
  439.10528 0.00571361 6
  440.08838 0.0155934 16
  441.10044 0.00630877 6
  441.17307 0.0120819 12
  442.10300 0.00910606 9
  443.07716 0.0179145 18
  443.11329 0.00529699 5
  443.14590 0.012439 12
  444.09121 0.00779669 8
  444.11337 0.00767766 8
  444.15111 0.00607071 6
  445.08954 0.0134508 13
  445.16176 0.0452327 45
  446.16488 0.0117843 12
  447.07023 0.0905845 90
  447.10339 0.0185692 19
  447.18804 0.0117843 12
  448.07829 0.0680276 68
  448.15885 0.00511844 5
  448.18577 0.0149982 15
  449.08722 0.194501 194
  449.18598 0.00666587 7
  450.08492 0.0632663 63
  451.09125 0.0434472 43
  452.09822 0.206642 206
  452.12940 0.0106535 11
  453.10183 0.0604095 60
  453.13974 0.00630877 6
  454.09589 0.00618974 6
  454.13922 0.00577312 6
  455.14648 0.00702297 7
  457.09000 0.0145816 15
  457.16514 0.0416022 42
  457.18775 0.00702297 7
  458.16445 0.0116058 12
  459.17325 0.0129746 13
  460.07799 0.017736 18
  460.11896 0.00601119 6
  460.76005 0.00732056 7
  461.08821 0.144923 145
  461.12400 0.00958219 10
  462.09172 0.0486847 49
  463.09726 0.0131532 13
  463.17180 0.00839186 8
  463.17608 0.00839186 8
  464.09774 0.223128 223
  465.09988 0.0636234 64
  465.12107 0.0108916 11
  466.10743 0.0366623 37
  466.11612 0.0366623 37
  467.11883 0.0110106 11
  467.14986 0.0115462 12
  468.11894 0.00672539 7
  470.13140 0.00523747 5
  471.11216 0.0196405 20
  471.13246 0.00738007 7
  472.11080 0.0102964 10
  472.14818 0.00958219 10
  475.10472 0.053446 53
  475.16840 0.0127366 13
  475.18237 0.0202952 20
  476.10936 0.0139864 14
  476.17644 0.0111891 11
  477.10377 0.0122009 12
  478.11338 0.100405 100
  478.13207 0.00577312 6
  478.14917 0.00589216 6
  479.11865 0.0399952 40
  480.12670 0.0120224 12
  485.15822 0.0330318 33
  485.17734 0.00898703 9
  486.16259 0.0343411 34
  487.16647 0.00565409 6
  488.10988 0.0361862 36
  489.11501 0.0563623 56
  489.13024 0.0101774 10
  489.14619 0.00845137 8
  489.16274 0.00851089 9
  490.12393 0.0195215 20
  490.15055 0.00690394 7
  491.12762 0.0127366 13
  492.13221 0.00791572 8
  494.16552 0.00565409 6
  495.15006 0.00553506 6
  496.14256 0.00547554 5
  496.15650 0.00547554 5
  499.14055 0.0133913 13
  501.15846 0.00613022 6
  503.16842 0.101952 102
  503.18644 0.0214855 21
  504.17178 0.0244019 24
  504.21301 0.00547554 5
  505.17598 0.00577312 6
  507.15729 0.00577312 6
  513.15268 0.195155 195
  513.17390 0.0138079 14
  514.15712 0.0502321 50
  515.15987 0.00738007 7
  516.13959 0.0148792 15
  517.15275 0.00785621 8
  531.14347 0.00851089 9
  531.16452 1 999
  532.16818 0.398524 398
  532.20457 0.00553506 6
  533.16919 0.0617784 62
  534.16820 0.00726104 7
  547.38835 0.00803476 8
  548.19534 0.081776 82
  549.19975 0.0250565 25
  550.19009 0.017736 18
//