ACCESSION: MycoMSB-HZI-000342
RECORD_TITLE: Favolon; timsTOF; MS2; CE:39.3; [M+H-2H2O]+
DATE: 2026.06.26
AUTHORS: Unknown
LICENSE: CC BY
COPYRIGHT: Helmholtz Centre for Infection Research (HZI)
SP$SCIENTIFIC_NAME: Favolaschia sp. 87129
PUBLICATION: doi:10.7164/antibiotics.48.725
COMMENT: Converted from Bruker MetaboScape .library export
CH$NAME: Favolon
CH$FORMULA: C33H50O9
CH$EXACT_MASS: 590.3455
CH$SMILES: CC(C)[C@@H](C)[C@H](O)C(=O)[C@@H](C)[C@H]1CC[C@H]2[C@H]3C(=O)[C@H]4O[C@]45C[C@@H](OC(=O)[C@H](O)C(C)(C)O)CC[C@]5(C)[C@]34O[C@@H]4C[C@]12C
CH$IUPAC: InChI=1S/C33H50O9/c1-15(2)16(3)23(34)24(35)17(4)19-9-10-20-22-25(36)27-32(42-27)13-18(40-28(38)26(37)29(5,6)39)11-12-31(32,8)33(22)21(41-33)14-30(19,20)7/h15-23,26-27,34,37,39H,9-14H2,1-8H3/t16-,17+,18+,19-,20+,21-,22+,23+,26+,27-,30-,31+,32-,33-/m1/s1
CH$LINK: INCHIKEY SDVHFMSSWIIGCL-ASDINTJWSA-N
AC$INSTRUMENT: timsTOF Pro, Bruker Daltonics
AC$INSTRUMENT_TYPE: timsTOF
AC$MASS_SPECTROMETRY: MS_TYPE MS2
AC$MASS_SPECTROMETRY: ION_MODE POSITIVE
AC$MASS_SPECTROMETRY: COLLISION_ENERGY 39.30232558139535
AC$MASS_SPECTROMETRY: CCS 244.3467559814453
MS$FOCUSED_ION: BASE_PEAK 555.33163
MS$FOCUSED_ION: PRECURSOR_M/Z 555.33163
MS$FOCUSED_ION: PRECURSOR_TYPE [M+H-2H2O]+
MS$DATA_PROCESSING: Converted with library_to_massbank.py
PK$SPLASH: splash10-01wf-0292210000-1d8bd8121f1810907db1
PK$NUM_PEAK: 125
PK$PEAK: m/z int. rel.int.
  121.61413 0.0267176 27
  133.09964 0.26145 261
  142.07620 0.208015 208
  143.07546 0.114504 114
  149.09681 0.179389 179
  159.07992 0.225191 225
  161.09668 0.211832 212
  165.12789 0.351145 351
  171.11719 0.299618 299
  172.08847 0.236641 236
  176.85083 0.0171756 17
  179.14227 0.209924 210
  187.11151 0.114504 114
  190.56148 0.0171756 17
  191.50411 0.0171756 17
  197.12967 0.194656 194
  203.10632 0.209924 210
  206.11127 0.139313 139
  207.11407 0.236641 236
  209.13235 0.48855 488
  219.17538 0.21374 214
  221.09239 0.0992366 99
  225.12845 0.568702 568
  231.13785 0.179389 179
  232.12345 0.160305 160
  233.13503 0.211832 212
  235.11347 0.39313 393
  235.14560 0.206107 206
  240.02800 0.0171756 17
  243.84300 0.0171756 17
  253.05653 0.0858779 86
  253.15477 0.482824 482
  255.18105 0.211832 212
  259.14690 0.158397 158
  261.12486 0.0992366 99
  263.14320 0.593511 593
  263.17815 0.333969 334
  265.15808 0.437023 437
  267.23171 0.0171756 17
  273.16098 0.160305 160
  273.19192 0.112595 112
  277.15938 0.255725 255
  278.16289 0.122137 122
  278.19681 0.177481 177
  279.17605 0.156489 156
  280.17796 0.211832 212
  281.15285 0.562977 562
  281.18733 0.541985 541
  282.15564 0.19084 191
  287.18063 0.223282 223
  290.16522 0.183206 183
  291.16529 0.624046 623
  291.17329 0.582061 581
  291.18931 0.206107 206
  292.18139 0.677481 677
  294.18655 0.169847 170
  294.69116 0.0438931 44
  295.20427 0.137405 137
  300.96475 0.0171756 17
  306.19759 0.0667939 67
  306.60009 0.0171756 17
  307.17006 0.103053 103
  309.18100 0.454198 454
  309.19552 0.354962 355
  310.18628 0.39313 393
  311.20228 0.108779 109
  324.20548 0.14313 143
  327.18937 0.229008 229
  339.02544 0.0171756 17
  348.15285 0.0171756 17
  351.19197 0.179389 179
  355.27549 0.0171756 17
  363.23007 0.236641 236
  385.25446 0.301527 301
  394.28112 0.124046 124
  399.25393 0.0839695 84
  403.13902 0.0496183 50
  403.26152 0.164122 164
  409.26771 0.0648855 65
  411.28861 0.583969 583
  414.13328 0.204198 204
  421.27098 1 999
  422.27148 0.429389 429
  422.28239 0.244275 244
  426.23957 0.333969 334
  427.24545 0.0782443 78
  430.67634 0.0171756 17
  437.22923 0.0477099 48
  439.28244 0.10687 107
  457.27171 0.0419847 42
  457.84053 0.0171756 17
  490.26555 0.135496 135
  509.33050 0.162214 162
  516.15239 0.0171756 17
  538.32663 0.160305 160
  547.02100 0.0171756 17
  555.33722 0.910305 909
  556.32528 0.104962 105
  556.33577 0.0935115 93
  557.33863 0.114504 114
  582.69133 0.0171756 17
  661.52510 0.0171756 17
  725.97444 0.0171756 17
  732.97496 0.0171756 17
  748.14602 0.0171756 17
  751.22976 0.0171756 17
  753.16889 0.0171756 17
  763.21319 0.0171756 17
  786.76238 0.0171756 17
  839.56905 0.0171756 17
  914.67592 0.0171756 17
  919.52673 0.0171756 17
  960.41829 0.0171756 17
  987.38855 0.019084 19
  1052.78797 0.0171756 17
  1057.76779 0.0171756 17
  1103.48895 0.0171756 17
  1246.54430 0.0171756 17
  1251.44779 0.0171756 17
  1318.73190 0.0171756 17
  1344.33163 0.0171756 17
  1386.99125 0.0171756 17
  1440.36813 0.0171756 17
  1447.64371 0.0171756 17
  1498.02012 0.0171756 17
//