ACCESSION: MycoMSB-HZI-000594
RECORD_TITLE: 3-Deoxyaphidicolin; timsTOF; MS2; CE:32.5; [M+H-2H2O]+
DATE: 2026.06.26
AUTHORS: Unknown
LICENSE: CC BY
COPYRIGHT: Helmholtz Centre for Infection Research (HZI)
SP$SCIENTIFIC_NAME: Phoma betae Frank PS-13
PUBLICATION: doi:10.1093/nar/11.4.1197
COMMENT: Converted from Bruker MetaboScape .library export
CH$NAME: 3-Deoxyaphidicolin
CH$COMPOUND_CLASS: Terpenoids
CH$FORMULA: C20H34O3
CH$EXACT_MASS: 322.2508
CH$SMILES: C[C@]1(CCC[C@]2([C@H]1CC[C@@H]3[C@@]24CC[C@@]([C@H](C3)C4)(CO)O)C)CO
CH$IUPAC: InChI=1S/C20H34O3/c1-17(12-21)6-3-7-18(2)16(17)5-4-14-10-15-11-19(14,18)8-9-20(15,23)13-22/h14-16,21-23H,3-13H2,1-2H3/t14-,15+,16-,17-,18-,19-,20-/m0/s1
CH$LINK: INCHIKEY VHWTVINEPPOCLA-DTMQFJJTSA-N
AC$INSTRUMENT: timsTOF Pro, Bruker Daltonics
AC$INSTRUMENT_TYPE: timsTOF
AC$MASS_SPECTROMETRY: MS_TYPE MS2
AC$MASS_SPECTROMETRY: ION_MODE POSITIVE
AC$MASS_SPECTROMETRY: COLLISION_ENERGY 32.46511627906977
AC$MASS_SPECTROMETRY: CCS 153.26760864257812
MS$FOCUSED_ION: BASE_PEAK 287.23694
MS$FOCUSED_ION: PRECURSOR_M/Z 287.23694
MS$FOCUSED_ION: PRECURSOR_TYPE [M+H-2H2O]+
MS$DATA_PROCESSING: Converted with library_to_massbank.py
PK$SPLASH: splash10-00ks-0930000000-6185b7c79e4d3609c6bf
PK$NUM_PEAK: 110
PK$PEAK: m/z int. rel.int.
  103.99837 0.0083877 8
  107.31686 0.0083877 8
  109.10182 0.125815 126
  113.48945 0.0083877 8
  116.06343 0.10904 109
  119.02778 0.0205033 20
  119.08581 0.0904007 90
  121.10302 0.302889 303
  122.06407 0.0083877 8
  123.11706 0.0987884 99
  129.07109 0.10438 104
  130.07813 0.164026 164
  131.08163 0.347623 347
  131.08700 0.285182 285
  133.10327 0.414725 414
  134.10213 0.0848089 85
  134.10937 0.0643057 64
  135.11696 0.144455 144
  136.11848 0.125815 126
  143.08176 0.183597 183
  143.08738 0.0987884 99
  144.44149 0.0083877 8
  145.10073 0.700839 700
  146.10812 0.0792171 79
  147.11815 0.353215 353
  149.09357 0.0363467 36
  149.13177 0.153774 154
  156.09363 0.0969245 97
  157.10227 0.356943 357
  158.10513 0.0987884 99
  158.76864 0.0083877 8
  159.11760 0.687791 687
  160.00090 0.027027 27
  161.13331 0.320596 320
  163.14873 0.297297 297
  164.14885 0.0577819 58
  169.10573 0.082013 82
  171.11878 0.413793 413
  171.12549 0.135135 135
  172.12140 0.10438 104
  172.38212 0.0083877 8
  173.13257 0.561976 561
  175.14779 0.387698 387
  175.25896 0.0083877 8
  177.12763 0.105312 105
  177.16302 0.184529 184
  183.12000 0.435228 435
  185.13229 0.522833 522
  187.15025 0.751165 750
  189.16248 0.102516 102
  190.16850 0.0941286 94
  191.14134 0.177074 177
  199.14941 0.647717 647
  200.15185 0.0708295 71
  201.16889 0.0419385 42
  202.17072 0.0866729 87
  203.14159 0.0223672 22
  203.18395 0.0410065 41
  205.73372 0.0083877 8
  213.16513 0.255359 255
  214.16689 0.10904 109
  214.57684 0.0242311 24
  215.18447 0.0801491 80
  217.16001 0.0848089 85
  227.18619 0.159366 159
  229.16023 0.101584 101
  255.20713 0.0083877 8
  259.23859 0.0764212 76
  269.22111 0.769804 769
  269.22835 0.730662 730
  270.22758 0.0866729 87
  270.29187 0.0260951 26
  272.22146 0.0177074 18
  287.23576 1 999
  287.24744 0.0764212 76
  288.23715 0.0531221 53
  288.24777 0.111836 112
  288.25839 0.0102516 10
  297.75795 0.0083877 8
  299.88868 0.0083877 8
  322.86043 0.0083877 8
  345.67868 0.0083877 8
  385.79968 0.0083877 8
  490.81954 0.0083877 8
  493.92946 0.0083877 8
  623.97083 0.0083877 8
  641.40816 0.0083877 8
  683.22470 0.0083877 8
  711.58976 0.0083877 8
  742.59340 0.0083877 8
  783.41664 0.0083877 8
  816.99046 0.0083877 8
  833.29180 0.0083877 8
  869.27142 0.0083877 8
  872.81693 0.0083877 8
  890.71341 0.0083877 8
  902.08431 0.0083877 8
  1021.52910 0.0083877 8
  1071.99711 0.0083877 8
  1077.00149 0.0083877 8
  1139.28254 0.0083877 8
  1164.92638 0.0083877 8
  1223.26084 0.0083877 8
  1271.20312 0.0083877 8
  1295.70841 0.0083877 8
  1302.05613 0.0083877 8
  1707.76860 0.0083877 8
  1730.50063 0.0083877 8
  1784.11772 0.0083877 8
  1793.31338 0.0083877 8
//