ACCESSION: MycoMSB-HZI-000174
RECORD_TITLE: Rickitin; timsTOF; MS2; CE:40.7; [M+H-H2O]+
DATE: 2026.06.26
AUTHORS: Unknown
LICENSE: CC BY
COPYRIGHT: Helmholtz Centre for Infection Research (HZI)
SP$SCIENTIFIC_NAME: Hypoxylon rickii
PUBLICATION: doi:10.1016/j.phytochem.2015.06.002
COMMENT: Converted from Bruker MetaboScape .library export
CH$NAME: Rickitin
CH$COMPOUND_CLASS: Terpenoids
CH$FORMULA: C20H26O3
CH$EXACT_MASS: 314.1882
CH$SMILES: C1CC(C2(C(C1)(C3=C(C(C2=O)=O)C=C(C=C3)C(C)C)C)O)(C)C
CH$IUPAC: InChI=1S/C20H26O3/c1-12(2)13-7-8-15-14(11-13)16(21)17(22)20(23)18(3,4)9-6-10-19(15,20)5/h7-8,11-12,23H,6,9-10H2,1-5H3/t19-,20-/m1/s1
CH$LINK: INCHIKEY PHGIAZZKSBKALI-WOJBJXKFSA-N
AC$INSTRUMENT: timsTOF Pro, Bruker Daltonics
AC$INSTRUMENT_TYPE: timsTOF
AC$MASS_SPECTROMETRY: MS_TYPE MS2
AC$MASS_SPECTROMETRY: ION_MODE POSITIVE
AC$MASS_SPECTROMETRY: COLLISION_ENERGY 40.656
AC$MASS_SPECTROMETRY: CCS 175.0220947265625
MS$FOCUSED_ION: BASE_PEAK 297.18491
MS$FOCUSED_ION: PRECURSOR_M/Z 297.18491
MS$FOCUSED_ION: PRECURSOR_TYPE [M+H-H2O]+
MS$DATA_PROCESSING: Converted with library_to_massbank.py
PK$SPLASH: splash10-0ar9-0790000000-865a7bf034210ef1ecde
PK$NUM_PEAK: 204
PK$PEAK: m/z int. rel.int.
  69.06932 0.0281584 28
  79.05314 0.103938 104
  81.06927 0.0280628 28
  91.05514 0.0368928 37
  93.06953 0.0191713 19
  95.08508 0.0514755 51
  97.06547 0.0166918 17
  105.06951 0.0305747 31
  109.06379 0.0222496 22
  115.05452 0.0522193 52
  117.07014 0.0723195 72
  128.06054 0.0985904 98
  129.07007 0.129066 129
  130.07349 0.0273739 27
  131.08473 0.0278391 28
  133.09896 0.0224896 22
  141.07041 0.157444 157
  142.07658 0.0751353 75
  143.08545 0.228904 229
  144.05654 0.0209489 21
  145.06981 0.0399659 40
  145.09945 0.0305178 30
  147.08061 0.0534724 53
  147.11562 0.0109799 11
  152.06073 0.0411948 41
  153.06895 0.125792 126
  154.07639 0.066502 66
  155.04882 0.00804181 8
  155.08538 0.642179 642
  156.09093 0.108676 109
  157.06408 0.0520916 52
  157.10146 0.105417 105
  158.07009 0.0257946 26
  159.08041 0.118537 118
  159.11635 0.00846316 8
  165.07001 0.161953 162
  166.07591 0.11899 119
  167.08541 0.438348 438
  168.09185 0.153194 153
  169.06414 0.0755273 75
  169.10227 0.382315 382
  169.88817 0.0105728 11
  170.07285 0.0424383 42
  170.10871 0.118087 118
  170.31468 0.00557928 6
  171.04358 0.0115425 12
  171.08166 0.454315 454
  171.11565 0.0461584 46
  172.08890 0.218148 218
  172.12185 0.0216853 22
  173.05856 0.0228778 23
  173.09646 0.0946596 95
  174.06635 0.0313591 31
  175.07781 0.0155688 16
  175.10765 0.0180231 18
  177.08922 0.0173135 17
  178.07730 0.041715 42
  179.08472 0.392721 392
  180.09556 0.246723 246
  181.06842 0.155488 155
  181.10335 0.390214 390
  182.07165 0.084639 85
  182.10571 0.0905742 90
  183.07943 0.0409606 41
  183.11619 0.220731 221
  184.05630 0.0156456 16
  184.08745 0.0449915 45
  184.12351 0.0645642 64
  185.06016 0.0239724 24
  185.09381 0.256591 256
  185.13134 0.0676314 68
  186.06838 0.0124626 12
  186.10131 0.148495 148
  187.07869 0.693139 692
  187.11337 0.175303 175
  188.07897 0.112502 112
  188.11745 0.00972334 10
  189.08999 0.0767168 77
  191.08333 0.0237941 24
  192.09503 0.0130271 13
  193.10084 0.278942 279
  194.07267 0.0246634 25
  194.11127 0.479787 479
  195.08111 0.17994 180
  195.11391 0.249756 250
  196.08590 0.128685 129
  196.12396 0.0948449 95
  197.06069 0.0294786 29
  197.09491 0.114748 115
  197.13226 0.224799 225
  198.06621 0.173348 173
  198.10294 0.103187 103
  198.13607 0.021776 22
  199.07772 0.31403 314
  199.11251 0.509572 509
  199.14919 0.0955927 95
  200.07925 0.13218 132
  200.11818 0.0998897 100
  201.09135 0.0955187 95
  201.12688 0.231515 231
  202.09103 0.0139804 14
  203.10563 0.016067 16
  204.09469 0.0765852 77
  206.07131 0.0153005 15
  206.10941 0.0117489 12
  207.08318 0.103298 103
  207.11890 0.105825 106
  208.09038 0.0784162 78
  208.12447 0.26836 268
  209.01022 0.00731786 7
  209.09621 0.168328 168
  209.13232 0.779496 779
  210.06596 0.00713501 7
  210.10766 0.00680448 7
  210.13964 0.273431 273
  211.07777 0.223206 223
  211.11405 0.210964 211
  211.14929 0.153138 153
  211.86561 0.00858052 9
  212.08249 0.168705 169
  212.12033 0.0527718 53
  212.15486 0.0285559 29
  213.09069 0.346252 346
  213.12743 0.285065 285
  213.14818 0.00833939 8
  213.16444 0.0152555 15
  214.09513 0.120831 121
  214.13219 0.196013 196
  215.10644 0.493585 493
  216.11041 0.142737 143
  217.10939 0.0288409 29
  218.11143 0.0180581 18
  219.11881 0.140425 140
  221.09883 0.246884 247
  221.13410 0.110538 110
  222.10291 0.303409 303
  222.13839 0.0286921 29
  223.10992 0.140091 140
  223.14942 0.0734384 73
  224.08196 0.0337032 34
  224.11431 0.0524767 52
  225.09525 0.105255 105
  225.12643 0.162392 162
  225.16268 0.0237457 24
  226.10420 0.0985904 98
  226.13312 0.0538113 54
  226.17207 0.0116189 12
  227.10893 0.326102 326
  227.14323 0.346459 346
  228.11418 0.0545437 54
  228.14351 0.0315132 31
  229.12168 1 999
  229.14212 0.00572358 6
  230.12642 0.267628 267
  234.09924 0.0320613 32
  235.11344 0.120702 121
  235.14600 0.0119355 12
  236.11818 0.122506 122
  236.15348 0.0513632 51
  237.12748 0.298253 298
  237.16610 0.0365635 37
  238.10051 0.0369996 37
  238.13386 0.0997853 100
  238.16803 0.0314522 31
  239.10669 0.496156 496
  239.13684 0.078998 79
  240.11424 0.161784 162
  240.14962 0.101702 102
  241.12424 0.229843 230
  241.15546 0.0794179 79
  242.12877 0.0290943 29
  242.16313 0.0144196 14
  243.13551 0.020401 20
  246.13632 0.0180048 18
  247.14618 0.0163374 16
  249.12968 0.140784 141
  250.13651 0.0478402 48
  251.14443 0.0388459 39
  251.18233 0.127551 127
  252.18468 0.0643476 64
  253.12330 0.0837288 84
  253.15961 0.0158337 16
  254.12887 0.288043 288
  254.16729 0.0421254 42
  255.13647 0.207272 207
  255.17549 0.0574345 57
  256.14085 0.0309266 31
  256.17652 0.0130286 13
  261.16634 0.0368867 37
  263.14214 0.0158243 16
  264.14943 0.080194 80
  266.13222 0.0104728 10
  267.13810 0.290459 290
  267.17563 0.00801423 8
  268.14781 0.135396 135
  269.15008 0.0282801 28
  269.19269 0.0255696 26
  270.19417 0.0151078 15
  279.17242 0.102686 103
  282.16119 0.320896 321
  283.16620 0.0847026 85
  297.18477 0.0635963 64
  298.18922 0.0375807 38
  298.34697 0.0336792 34
//