ACCESSION: MycoMSB-HZI-000159
RECORD_TITLE: Rickiol A; timsTOF; MS2; CE:46.2; [M+H-H2O]+
DATE: 2026.06.26
AUTHORS: Unknown
LICENSE: CC BY
COPYRIGHT: Helmholtz Centre for Infection Research (HZI)
SP$SCIENTIFIC_NAME: Hypoxylon rickii
PUBLICATION: doi:10.1002/chem.201704928
COMMENT: Converted from Bruker MetaboScape .library export
CH$NAME: Rickiol A
CH$COMPOUND_CLASS: Polyketides
CH$FORMULA: C24H44O6
CH$EXACT_MASS: 428.3138
CH$SMILES: C1CCCCCCCCCCC(OC(C=CC(O)CC(O)C1)=O)CC(CC(C)O)O
CH$IUPAC: InChI=1S/C24H44O6/c1-19(25)16-22(28)18-23-13-11-9-7-5-3-2-4-6-8-10-12-20(26)17-21(27)14-15-24(29)30-23/h14-15,19-23,25-28H,2-13,16-18H2,1H3
CH$LINK: INCHIKEY ZPZBRVXCZBYHPI-UHFFFAOYSA-N
AC$INSTRUMENT: timsTOF Pro, Bruker Daltonics
AC$INSTRUMENT_TYPE: timsTOF
AC$MASS_SPECTROMETRY: MS_TYPE MS2
AC$MASS_SPECTROMETRY: ION_MODE POSITIVE
AC$MASS_SPECTROMETRY: COLLISION_ENERGY 46.2
AC$MASS_SPECTROMETRY: CCS 213.46766662597656
MS$FOCUSED_ION: BASE_PEAK 411.31050
MS$FOCUSED_ION: PRECURSOR_M/Z 411.31050
MS$FOCUSED_ION: PRECURSOR_TYPE [M+H-H2O]+
MS$DATA_PROCESSING: Converted with library_to_massbank.py
PK$SPLASH: splash10-052b-8900000000-8eadd7e98b2104822828
PK$NUM_PEAK: 94
PK$PEAK: m/z int. rel.int.
  55.01705 0.0442388 44
  55.05324 0.127266 127
  67.05369 0.275046 275
  69.06901 0.183652 183
  71.04831 0.0987975 99
  73.02765 0.0627352 63
  77.03845 0.06623 66
  79.05349 0.237136 237
  81.03246 0.0471473 47
  81.06898 0.599775 599
  82.07366 0.0416364 42
  83.04826 0.0471018 47
  83.08485 0.0747243 75
  85.02787 0.0185144 18
  85.06377 0.0367065 37
  91.05388 0.277747 277
  92.05991 0.0208774 21
  93.06986 0.39894 399
  94.07327 0.0894282 89
  95.04607 0.042239 42
  95.08971 1 999
  96.08851 0.050312 50
  97.02809 0.0217371 22
  97.06818 0.0618193 62
  97.10062 0.0905241 90
  99.04103 0.548508 548
  99.07929 0.0368445 37
  100.04828 0.0369457 37
  101.02268 0.495361 495
  101.56363 0.00756681 8
  105.06931 0.132379 132
  107.08517 0.366565 366
  108.09268 0.00856819 9
  109.06432 0.0255837 26
  109.10036 0.524245 524
  110.10444 0.0495138 49
  110.64838 0.0116265 12
  111.04408 0.19864 198
  111.07955 0.0282986 28
  111.11617 0.0309173 31
  112.04678 0.0142889 14
  117.06857 0.069889 70
  119.08444 0.144161 144
  120.08848 0.0174849 17
  121.06624 0.00878865 9
  121.10001 0.3318 331
  122.10401 0.0431863 43
  123.11656 0.130841 131
  124.04725 0.0217954 22
  129.07266 0.0544648 54
  131.08445 0.136743 137
  132.08771 0.0190676 19
  133.06387 0.0166003 17
  133.10301 0.247272 247
  134.10443 0.0134742 13
  135.07904 0.110783 111
  135.11887 0.258565 258
  137.09538 0.0525535 53
  137.13061 0.018058 18
  139.07376 0.0302818 30
  143.08429 0.0434375 43
  144.08767 0.0279975 28
  145.10036 0.102346 102
  147.08040 0.0362335 36
  147.11699 0.126494 126
  148.11928 0.0112078 11
  149.09536 0.0201172 20
  149.13201 0.0582698 58
  157.10407 0.0326689 33
  159.07920 0.0207246 21
  159.11521 0.107992 108
  160.12156 0.0389425 39
  161.13181 0.0618093 62
  162.13482 0.0121939 12
  163.07643 0.0185731 19
  163.11120 0.033124 33
  163.14721 0.0644836 64
  165.09139 0.0340514 34
  171.11778 0.0366588 37
  173.12952 0.0535073 53
  175.11107 0.0170002 17
  175.14710 0.0355279 35
  177.08949 0.0555122 55
  177.12703 0.0395143 39
  177.16555 0.0136893 14
  183.11682 0.00864347 9
  185.13257 0.0210319 21
  187.14874 0.0135291 14
  188.15383 0.0117 12
  199.14702 0.0105404 11
  205.15601 0.014632 15
  235.21209 0.0127917 13
  277.25148 0.00759692 8
  315.23224 0.0181843 18
//