ACCESSION: MycoMSB-HZI-003270
RECORD_TITLE: Beuaverolide R; timsTOF; MS2; CE:30.0; [M+H]+
DATE: 2026.06.26
AUTHORS: Charrià-Girón E, Surup F
LICENSE: CC BY
COPYRIGHT: Helmholtz Centre for Infection Research (HZI)
PUBLICATION: doi:10.3897/imafungus.16.172651
COMMENT: Converted from Bruker MetaboScape .library export
CH$NAME: Beuaverolide R
CH$FORMULA: C31H46N4O5
CH$EXACT_MASS: 554.3468
CH$SMILES: C
CH$IUPAC: InChI=1S/CH4/h1H4
CH$LINK: INCHIKEY N/A
SP$SCIENTIFIC_NAME: Cordyceps javanica
AC$INSTRUMENT: timsTOF Pro, Bruker Daltonics
AC$INSTRUMENT_TYPE: TIMS-TOF
AC$MASS_SPECTROMETRY: MS_TYPE MS2
AC$MASS_SPECTROMETRY: ION_MODE POSITIVE
AC$MASS_SPECTROMETRY: COLLISION_ENERGY 30.0
AC$MASS_SPECTROMETRY: CCS 220.5495147705078
MS$FOCUSED_ION: BASE_PEAK 555.35410
MS$FOCUSED_ION: PRECURSOR_M/Z 555.35410
MS$FOCUSED_ION: PRECURSOR_TYPE [M+H]+
MS$DATA_PROCESSING: Converted with library_to_massbank.py
PK$SPLASH: splash10-00b9-0219230000-792c04a33a421dcf5fa1
PK$NUM_PEAK: 97
PK$PEAK: m/z int. rel.int.
  130.06314 0.0853946 85
  132.10082 0.0315277 31
  142.06599 0.00701824 7
  144.07970 0.0114958 11
  146.05365 0.00632193 6
  149.13165 0.0144713 14
  157.13506 0.0200492 20
  158.08398 0.0437061 44
  159.09073 0.167253 167
  167.14284 0.0582316 58
  169.07497 0.014091 14
  184.16858 0.225022 225
  185.06871 0.0238011 24
  185.10735 0.0474787 47
  185.17239 0.0184641 18
  186.11183 0.0063876 6
  187.08641 0.0814647 81
  188.07174 0.0287575 29
  194.15312 0.0367443 37
  200.14528 0.0125174 13
  203.13770 0.0733887 73
  204.14191 0.00813588 8
  213.12524 0.0300209 30
  224.16317 0.0293356 29
  227.15601 0.0222837 22
  228.16161 0.00643736 6
  230.12955 0.0105856 11
  236.16407 0.00975232 10
  238.17839 0.0201293 20
  241.09872 0.0140134 14
  242.17843 0.0108771 11
  254.17549 0.015172 15
  258.12368 0.0361182 36
  259.10779 0.0465913 47
  260.10900 0.018736 19
  266.18960 0.0085645 9
  267.20348 0.00760636 8
  273.15881 0.0262868 26
  295.20505 0.00582478 6
  296.19891 0.0336469 34
  297.25590 0.00548179 5
  298.19172 0.287361 287
  298.23790 0.0154788 15
  299.19631 0.00776256 8
  307.20176 0.0433585 43
  307.21601 0.026889 27
  308.20485 0.0578859 58
  313.21520 0.00514021 5
  315.26349 0.0103966 10
  325.21206 0.147752 148
  325.22779 0.756244 755
  325.24056 0.0425928 43
  326.18641 0.126541 126
  326.21545 0.0173055 17
  326.23270 0.162954 163
  327.18942 0.0212908 21
  335.21166 0.0380604 38
  337.24854 0.00598992 6
  343.23675 0.240447 240
  344.17675 0.00748298 7
  344.19765 0.488888 488
  344.24113 0.0202553 20
  345.20042 0.071802 72
  351.24799 0.0134742 13
  353.21337 0.0641416 64
  353.22515 0.699945 699
  354.22721 0.117225 117
  368.29132 0.0155857 16
  369.27175 0.0216111 22
  371.21864 0.00979755 10
  371.23443 0.389034 389
  372.23643 0.0600424 60
  378.25443 0.00784741 8
  396.26402 0.0402345 40
  396.28899 0.0814601 81
  397.26850 0.00970598 10
  397.28714 0.0148332 15
  408.28887 0.00530059 5
  424.26054 0.707566 707
  424.27703 0.0089148 9
  425.26243 0.147459 147
  426.29881 0.00945219 9
  427.30136 0.0050518 5
  442.27010 0.15225 152
  443.27126 0.0259399 26
  443.28412 0.00561908 6
  456.32190 0.0740045 74
  457.32449 0.0192293 19
  484.31797 0.0208286 21
  527.33709 0.0186816 19
  527.35979 1 999
  527.38320 0.0116148 12
  528.36216 0.295596 295
  537.34413 0.00770044 8
  555.35462 0.179934 180
  556.34612 0.0186447 19
  556.35894 0.0323568 32
//