ACCESSION: MycoMSB-HZI-003211
RECORD_TITLE: Beauverolide 483; timsTOF; MS2; CE:30.0; [M+H]+
DATE: 2026.06.26
AUTHORS: Charrià-Girón E, Surup F
LICENSE: CC BY
COPYRIGHT: Helmholtz Centre for Infection Research (HZI)
PUBLICATION: doi:10.3897/imafungus.16.172651
COMMENT: Converted from Bruker MetaboScape .library export
CH$NAME: Beauverolide 483
CH$FORMULA: C24H41N3O7
CH$EXACT_MASS: 483.2945
CH$SMILES: C
CH$IUPAC: InChI=1S/CH4/h1H4
CH$LINK: INCHIKEY N/A
SP$SCIENTIFIC_NAME: Cordyceps javanica
AC$INSTRUMENT: timsTOF Pro, Bruker Daltonics
AC$INSTRUMENT_TYPE: TIMS-TOF
AC$MASS_SPECTROMETRY: MS_TYPE MS2
AC$MASS_SPECTROMETRY: ION_MODE POSITIVE
AC$MASS_SPECTROMETRY: COLLISION_ENERGY 30.0
AC$MASS_SPECTROMETRY: CCS 216.45880126953125
MS$FOCUSED_ION: BASE_PEAK 484.30173
MS$FOCUSED_ION: PRECURSOR_M/Z 484.30173
MS$FOCUSED_ION: PRECURSOR_TYPE [M+H]+
MS$DATA_PROCESSING: Converted with library_to_massbank.py
PK$SPLASH: splash10-00xv-0889600000-bc5af37de727e38f9b3f
PK$NUM_PEAK: 359
PK$PEAK: m/z int. rel.int.
  117.06884 0.0059434 6
  119.08437 0.0655402 65
  121.10043 0.0312603 31
  122.10206 0.00519044 5
  123.11617 0.0195983 20
  126.05376 0.0519429 52
  129.06822 0.00728488 7
  131.08553 0.0431569 43
  133.10124 0.0387134 39
  135.07879 0.00583436 6
  135.11542 0.0258028 26
  137.09466 0.00523278 5
  137.13256 0.00564232 6
  138.05295 0.0127072 13
  139.11000 0.00582404 6
  140.03318 0.123675 124
  141.03624 0.00566715 6
  143.08566 0.0223613 22
  144.06422 0.207107 207
  144.08879 0.0106215 11
  145.06878 0.0110847 11
  145.10004 0.0471903 47
  146.10206 0.00616512 6
  147.08035 0.0107974 11
  147.11658 0.0911654 91
  148.11832 0.00512153 5
  149.09513 0.008828 9
  149.13188 0.0470251 47
  151.11065 0.0050471 5
  152.03363 0.0808246 81
  152.06955 0.017823 18
  153.03215 0.00530297 5
  155.08404 0.00830913 8
  156.06422 0.133533 133
  157.06781 0.00699757 7
  157.10132 0.0228522 23
  158.10571 0.00566155 6
  159.11564 0.0529953 53
  161.09443 0.00975014 10
  161.13134 0.18484 185
  162.13447 0.0282277 28
  163.11090 0.00630778 6
  163.14789 0.0636831 64
  164.06742 0.0074057 7
  165.12639 0.00730529 7
  168.06404 0.00823561 8
  169.10060 0.021633 22
  170.04774 0.759466 759
  170.08086 0.0841826 84
  171.04828 0.0508848 51
  171.08146 0.00682897 7
  171.11698 0.041744 42
  172.06072 0.00816573 8
  173.05707 0.0054538 5
  173.13104 0.116683 117
  174.13554 0.0150141 15
  175.14749 0.109754 110
  176.15111 0.0082435 8
  177.12569 0.00751607 8
  177.16295 0.265623 265
  178.08553 0.00729812 7
  178.16551 0.0295363 30
  180.10108 0.00518406 5
  182.07899 0.0361569 36
  183.08253 0.00617971 6
  183.11661 0.0338359 34
  184.09556 0.0449153 45
  185.13175 0.0642601 64
  186.07512 0.0342235 34
  186.13508 0.0129912 13
  187.11186 0.0131992 13
  187.14928 0.109588 109
  188.15046 0.020537 21
  189.12752 0.0133397 13
  189.16329 0.0448919 45
  190.16569 0.00738496 7
  191.14314 0.0234715 23
  191.17820 0.0552645 55
  192.10340 0.00639658 6
  192.18100 0.00700501 7
  195.11885 0.00518061 5
  196.05992 0.0463234 46
  196.09623 0.0350506 35
  197.13177 0.0189882 19
  198.07564 0.0192453 19
  198.11185 0.0224174 22
  198.14034 0.00569444 6
  199.14952 0.0676693 68
  200.09097 0.143682 144
  200.15022 0.0128802 13
  201.09398 0.0190439 19
  201.16323 0.0518898 52
  202.16169 0.00575815 6
  203.14150 0.0645052 64
  203.18042 0.0145351 15
  204.10063 0.0158872 16
  204.14491 0.00613598 6
  205.15801 0.0117123 12
  208.09584 0.0172874 17
  209.13135 0.00774592 8
  210.11088 0.0302107 30
  211.11354 0.00515088 5
  211.14719 0.0484296 48
  212.09001 0.0395199 39
  212.12459 0.0050071 5
  212.15295 0.0148984 15
  213.16318 0.0591905 59
  215.14247 0.00518434 5
  215.17965 0.0587462 59
  216.10035 0.0117833 12
  216.18418 0.0105192 11
  217.15834 0.00540157 5
  217.19495 0.0126197 13
  218.11660 0.0176706 18
  219.17735 0.00588781 6
  220.09655 0.00567351 6
  222.11413 0.283351 283
  223.11469 0.032268 32
  223.14768 0.00882993 9
  224.12744 0.00838231 8
  225.13024 0.00792815 8
  225.16416 0.0472235 47
  226.10798 0.013219 13
  226.16995 0.00750995 8
  227.14384 0.00519384 5
  227.17973 0.0774689 77
  228.18561 0.0159304 16
  229.15823 0.0111561 11
  229.19519 0.0147827 15
  230.11613 0.0102687 10
  231.12089 0.00647083 6
  231.17374 0.00627014 6
  232.13418 0.00899832 9
  234.11350 0.0394298 39
  234.15093 0.00890339 9
  235.11777 0.00822184 8
  236.12752 0.0808442 81
  237.13008 0.00794744 8
  237.16299 0.00652984 7
  238.10793 0.0106516 11
  238.14328 0.036034 36
  239.18041 0.0271928 27
  241.15861 0.00510383 5
  241.19552 0.144554 144
  242.11910 0.00913272 9
  242.19988 0.0216705 22
  243.17479 0.0118509 12
  243.21067 0.0157431 16
  244.09794 0.010656 11
  244.13589 0.00509619 5
  244.21164 0.00520555 5
  246.11046 0.00539619 5
  246.14720 0.00927228 9
  248.08995 0.00793569 8
  248.12774 0.100748 101
  249.13128 0.0237056 24
  250.10744 0.025704 26
  250.14661 0.0345715 35
  251.18078 0.00745046 7
  252.15858 0.00605577 6
  253.19488 0.029032 29
  254.13950 0.00589195 6
  254.20129 0.00520903 5
  255.21012 0.047379 47
  256.13106 0.00590597 6
  256.21196 0.00800874 8
  257.18967 0.00704377 7
  257.22642 0.0128181 13
  258.11382 0.00527307 5
  260.12728 0.01739 17
  262.10641 0.00987676 10
  262.14455 0.0675143 67
  264.12488 0.0170837 17
  264.15977 0.0501741 50
  265.16407 0.00760216 8
  265.19663 0.0108492 11
  266.13857 0.018755 19
  267.14244 0.0054037 5
  267.21135 0.0939102 94
  268.15590 0.00809042 8
  268.21215 0.0175944 18
  269.22642 0.0865409 86
  270.22843 0.014394 14
  271.20722 0.0061214 6
  271.24173 0.0222804 22
  272.12482 0.00938442 9
  272.16568 0.00537943 5
  274.10537 0.00516915 5
  274.14334 0.0349018 35
  275.14890 0.0064223 6
  276.12134 0.0179226 18
  276.15991 0.0431144 43
  278.14133 0.0188222 19
  278.17425 0.00950968 10
  279.21234 0.0400964 40
  280.15571 0.0196156 20
  280.21666 0.0061447 6
  281.22723 0.0272848 27
  282.17322 0.0113799 11
  283.20845 0.00573498 6
  283.24070 0.005456 5
  284.12835 0.00601959 6
  285.22040 0.160592 160
  286.14413 0.0303015 30
  286.22639 0.0302085 30
  287.14639 0.00813151 8
  288.12142 0.0057989 6
  288.15976 0.0640902 64
  289.16221 0.0110325 11
  290.13918 0.0375869 38
  290.17504 0.0371139 37
  291.14507 0.00771327 8
  292.15129 0.0723736 72
  292.19420 0.00523053 5
  293.15563 0.0167194 17
  294.16885 0.0764202 76
  294.18753 0.00633076 6
  295.17569 0.0115882 12
  295.24297 0.0815993 82
  296.24413 0.0126674 13
  297.18410 0.00557747 6
  297.22131 0.0327589 33
  297.25678 0.0582416 58
  298.14514 0.0139944 14
  298.18199 0.0113112 11
  298.22208 0.0168429 17
  298.26136 0.0108464 11
  299.23633 0.0177476 18
  300.15946 0.0167157 17
  300.24087 0.00560318 6
  302.17420 0.049523 49
  304.15460 0.103699 104
  304.19078 0.0147855 15
  305.15986 0.0150972 15
  305.22731 0.0315612 32
  306.16835 0.0263299 26
  308.16087 0.00637105 6
  310.18305 0.0115193 12
  310.21381 0.00685072 7
  312.15809 0.0283196 28
  312.19234 0.0116224 12
  313.25325 0.0880102 88
  314.17456 0.0450728 45
  314.25679 0.0217346 22
  315.27031 0.0375482 38
  316.15247 0.00805673 8
  316.19055 0.0492806 49
  316.27296 0.00994264 10
  317.19003 0.00616477 6
  318.17175 0.0494044 49
  318.20681 0.235629 235
  319.17611 0.00600386 6
  319.20884 0.0390386 39
  320.18945 0.00636337 6
  322.17882 0.00693998 7
  323.23937 0.0666504 67
  324.19359 0.00986833 10
  324.24303 0.0135743 14
  326.17475 0.0170453 17
  326.21226 0.00563798 6
  328.18998 0.235559 235
  328.22771 0.0067532 7
  329.19504 0.0420098 42
  330.17175 0.0368415 37
  330.20757 0.023682 24
  331.17614 0.00803002 8
  332.18921 0.0265205 26
  332.22315 0.014616 15
  334.20290 0.0069552 7
  336.19849 0.00705745 7
  338.17510 0.0163223 16
  338.21045 0.00908581 9
  340.18951 0.0466445 47
  341.19200 0.0113155 11
  341.24731 0.0345008 34
  342.20860 0.0699784 70
  343.21001 0.0153184 15
  344.18757 0.0216389 22
  344.22244 0.129193 129
  345.22619 0.0320725 32
  346.18804 0.00884162 9
  346.20148 1 999
  347.19112 0.0090963 9
  347.20477 0.161364 161
  347.21616 0.00957738 10
  348.18146 0.0130216 13
  348.21725 0.0191794 19
  352.19050 0.021878 22
  353.19839 0.007239 7
  354.20640 0.113421 113
  355.21047 0.0262356 26
  356.18787 0.0250278 25
  356.22172 0.0580405 58
  357.22602 0.0263075 26
  358.20082 0.0129182 13
  358.23910 0.0274017 27
  360.21699 0.0310646 31
  361.22206 0.00729753 7
  366.20746 0.0457532 46
  367.21914 0.00584975 6
  368.22180 0.0648521 65
  369.22757 0.00985773 10
  370.19945 0.0147347 15
  370.23733 0.0241505 24
  371.20672 0.00549674 5
  372.21611 0.0643515 64
  372.25462 0.0125384 13
  373.22089 0.0148676 15
  374.19632 0.00551836 6
  380.22331 0.0183011 18
  381.22645 0.00564409 6
  382.23871 0.0284577 28
  383.23868 0.00720719 7
  384.21325 0.0169169 17
  385.22153 0.00559374 6
  386.23497 0.0229866 23
  387.23621 0.00809221 8
  388.24845 0.00653822 7
  392.22157 0.0104801 10
  392.26071 0.0080333 8
  393.22975 0.00711124 7
  394.23878 0.00968606 10
  396.25532 0.0139643 14
  398.23228 0.0162485 16
  398.27038 0.00787759 8
  400.24543 0.00537017 5
  404.29683 0.00510026 5
  406.23983 0.01439 14
  408.25364 0.00743369 7
  410.23414 0.0115567 12
  410.27003 0.0145181 15
  412.28521 0.263414 263
  413.28990 0.0679061 68
  418.27637 0.00758783 8
  421.29514 0.00512005 5
  422.26771 0.189148 189
  423.27167 0.0519433 52
  424.24714 0.0239451 24
  424.28686 0.0083036 8
  426.26592 0.0138645 14
  430.27638 0.00881048 9
  436.28118 0.00935629 9
  436.29051 0.0110393 11
  438.30169 0.144338 144
  439.30420 0.0299713 30
  440.27974 0.5541 554
  441.28302 0.130873 131
  442.25865 0.0145922 15
  443.26310 0.00617732 6
  448.28542 0.120316 120
  449.28792 0.0346976 35
  454.29556 0.0205696 21
  456.31175 0.0756974 76
  457.31525 0.0298548 30
  466.29526 0.375122 375
  467.29992 0.0853665 85
  484.30608 0.480492 480
  484.32853 0.00878158 9
  485.30978 0.125589 125
//