ACCESSION: MycoMSB-HZI-003092
RECORD_TITLE: Gibberellic acid; timsTOF; MS2; CE:33.20930232558139; [M+H-2H2O]+
DATE: 2026.06.26
AUTHORS: Charrià-Girón E, Surup F
LICENSE: CC BY
COPYRIGHT: Helmholtz Centre for Infection Research (HZI)
PUBLICATION: doi:10.1007/BF00357571
COMMENT: Converted from Bruker MetaboScape .library export
CH$NAME: Gibberellic acid
CH$FORMULA: C19H22O6
CH$EXACT_MASS: 346.1416
CH$SMILES: C[C@@]12[C@H](C=C[C@@]3([C@@H]1[C@@H]([C@]45[C@H]3CC[C@](C4)(C(=C)C5)O)C(=O)O)OC2=O)O
CH$IUPAC: InChI=1S/C19H22O6/c1-9-7-17-8-18(9,24)5-3-10(17)19-6-4-11(20)16(2,15(23)25-19)13(19)12(17)14(21)22/h4,6,10-13,20,24H,1,3,5,7-8H2,2H3,(H,21,22)/t10-,11+,12-,13-,16-,17+,18+,19-/m1/s1
CH$LINK: INCHIKEY IXORZMNAPKEEDV-OBDJNFEBSA-N
SP$SCIENTIFIC_NAME: Fusarium moniliforme
AC$INSTRUMENT: timsTOF Pro, Bruker Daltonics
AC$INSTRUMENT_TYPE: TIMS-TOF
AC$MASS_SPECTROMETRY: MS_TYPE MS2
AC$MASS_SPECTROMETRY: ION_MODE POSITIVE
AC$MASS_SPECTROMETRY: COLLISION_ENERGY 33.20930232558139
AC$MASS_SPECTROMETRY: CCS 170.88877868652344
MS$FOCUSED_ION: BASE_PEAK 311.12779
MS$FOCUSED_ION: PRECURSOR_M/Z 311.12779
MS$FOCUSED_ION: PRECURSOR_TYPE [M+H-2H2O]+
MS$DATA_PROCESSING: Converted with library_to_massbank.py
PK$SPLASH: splash10-03di-0963000000-434adafe27b6bb466510
PK$NUM_PEAK: 159
PK$PEAK: m/z int. rel.int.
  116.06482 0.0126861 13
  117.07136 0.0162508 16
  119.08894 0.00912141 9
  120.05363 0.0119522 12
  121.06624 0.025477 25
  127.02999 0.00650031 6
  127.05644 0.0102747 10
  127.41991 0.0109038 11
  128.06253 0.113441 113
  129.07096 0.0848186 85
  130.07508 0.0076536 8
  131.08489 0.0926819 93
  131.08981 0.08723 87
  133.06419 0.0093311 9
  135.08367 0.00891172 9
  141.07020 0.0283078 28
  142.07990 0.053051 53
  143.08534 0.0326064 33
  143.74097 0.00524219 5
  144.05996 0.011428 11
  145.06334 0.025477 25
  145.10170 0.0438247 44
  147.07954 0.0217027 22
  149.05906 0.00859719 9
  152.06279 0.0239044 24
  153.06747 0.00975047 10
  154.07934 0.0136297 14
  155.08915 0.0333403 33
  156.09158 0.014783 15
  157.06622 0.00964563 10
  158.07139 0.00912141 9
  159.07973 0.169532 169
  159.08978 0.0191864 19
  161.05979 0.0392116 39
  161.09665 0.0076536 8
  165.06210 0.0112183 11
  165.06978 0.077165 77
  165.76182 0.0059761 6
  166.07502 0.0333403 33
  166.07843 0.0333403 33
  167.08452 0.0424617 42
  168.09373 0.0310338 31
  169.06460 0.0380583 38
  169.09884 0.05368 54
  171.07855 0.0517928 52
  172.08835 0.0396309 40
  173.05672 0.0209688 21
  173.09735 0.00639547 6
  175.03727 0.0103795 10
  175.07332 0.0258964 26
  176.07562 0.00870203 9
  178.07974 0.0587125 59
  179.08533 0.162822 163
  180.09005 0.0669952 67
  180.09465 0.0669952 67
  181.06340 0.0344936 34
  181.10187 0.122353 122
  182.07131 0.0249528 25
  182.07620 0.0249528 25
  182.11048 0.0153072 15
  183.07008 0.0135248 14
  183.07855 0.0118473 12
  183.08913 0.0102747 10
  183.11665 0.0109038 11
  184.07747 0.018767 19
  184.12347 0.00975047 10
  185.09261 0.00943594 9
  186.10057 0.0105892 11
  187.07490 0.00702453 7
  188.07537 0.0193961 19
  188.08180 0.010065 10
  189.06990 0.028203 28
  189.09141 0.00587125 6
  190.05627 0.00849235 8
  190.07783 0.00660516 7
  191.08439 0.0521074 52
  192.09316 0.0545188 54
  193.10201 0.0808346 81
  194.07318 0.0169847 17
  194.10790 0.0621724 62
  195.08121 0.0925771 92
  195.11769 0.137031 137
  195.12930 0.00618578 6
  196.08749 0.0563011 56
  196.11909 0.03355 34
  196.12405 0.03355 34
  197.06127 0.0168798 17
  197.09431 0.0246383 25
  199.11310 0.0126861 13
  201.09126 0.00629063 6
  202.09512 0.0124764 12
  203.08365 0.0104844 10
  204.09480 0.0363808 36
  205.09947 0.0345984 35
  206.06924 0.0326064 33
  206.07370 0.0326064 33
  206.10928 0.0967708 97
  206.11915 0.0243238 24
  207.08046 0.0198155 20
  207.10916 0.024848 25
  207.11591 0.0135248 14
  208.08932 0.052317 52
  209.09679 0.192388 192
  209.10845 0.0209688 21
  209.11524 0.00566156 6
  209.13147 0.0755924 76
  210.06635 0.0101698 10
  210.10490 0.0111134 11
  210.13891 0.0124764 12
  211.11125 0.0264206 26
  211.14689 0.00880688 9
  212.11856 0.00901657 9
  213.12697 0.0182428 18
  219.11709 0.109247 109
  220.12351 0.0176138 18
  221.13082 0.028832 29
  222.10334 0.083246 83
  222.11459 0.0291466 29
  223.07793 0.0115328 12
  223.11188 0.088593 89
  224.08133 0.0110086 11
  224.11411 0.0110086 11
  227.10974 0.0123716 12
  228.07254 0.0107989 11
  232.08707 0.0130006 13
  234.06678 0.0126861 13
  235.11135 0.0125813 13
  237.09160 0.0506395 51
  237.12710 0.103061 103
  238.12383 0.0190816 19
  238.13555 0.0223317 22
  238.53677 0.00534703 5
  239.10726 0.00754875 8
  240.11210 0.0113231 11
  240.14685 0.0196058 20
  241.12201 0.0277836 28
  241.53944 0.00513735 5
  247.11396 0.0646886 65
  250.09829 0.00671 7
  251.05655 0.00660516 7
  251.09868 0.00576641 6
  252.07623 0.00859719 9
  255.10022 0.0241141 24
  255.13770 0.0192913 19
  255.15019 0.01342 13
  265.12269 0.25519 255
  266.12745 0.0317677 32
  267.05685 0.00796813 8
  267.13618 0.0337597 34
  275.10223 0.0101698 10
  293.11572 0.00534703 5
  294.11817 0.00513735 5
  296.10666 0.00702453 7
  311.07108 0.00681485 7
  311.12730 1 999
  311.14558 0.00975047 10
  311.21180 0.0130006 13
  312.13179 0.116796 117
  313.14643 0.00608094 6
//