ACCESSION: MycoMSB-HZI-000401
RECORD_TITLE: Palmarumycin C3; timsTOF; MS2; CE:34.0; [M+H]+
DATE: 2026.06.26
AUTHORS: Unknown
LICENSE: CC BY
COPYRIGHT: Helmholtz Centre for Infection Research (HZI)
SP$SCIENTIFIC_NAME: Coniothyrium sp.
PUBLICATION: doi:10.1002/jlac.199419941108
COMMENT: Converted from Bruker MetaboScape .library export
CH$NAME: Palmarumycin C3
CH$COMPOUND_CLASS: Polyketides
CH$FORMULA: C20H12O6
CH$EXACT_MASS: 348.0634
CH$SMILES: C1=CC=2C=CC=C3C2C(=C1)OC4(C5=C(C=CC(=C5C(C6(C4(O6)[H])[H])=O)O)O)O3
CH$IUPAC: InChI=1S/C20H12O6/c21-10-7-8-11(22)16-15(10)17(23)18-19(24-18)20(16)25-12-5-1-3-9-4-2-6-13(26-20)14(9)12/h1-8,18-19,21-22H
CH$LINK: INCHIKEY BDXBHYOFNNANPN-RTBURBONSA-N
AC$INSTRUMENT: timsTOF Pro, Bruker Daltonics
AC$INSTRUMENT_TYPE: timsTOF
AC$MASS_SPECTROMETRY: MS_TYPE MS2
AC$MASS_SPECTROMETRY: ION_MODE POSITIVE
AC$MASS_SPECTROMETRY: COLLISION_ENERGY 34.04651162790698
AC$MASS_SPECTROMETRY: CCS 178.60218811035156
MS$FOCUSED_ION: BASE_PEAK 349.07066
MS$FOCUSED_ION: PRECURSOR_M/Z 349.07066
MS$FOCUSED_ION: PRECURSOR_TYPE [M+H]+
MS$DATA_PROCESSING: Converted with library_to_massbank.py
PK$SPLASH: splash10-0ul0-0956000000-55f70fe06221bfe50309
PK$NUM_PEAK: 131
PK$PEAK: m/z int. rel.int.
  115.05439 0.128194 128
  115.67511 0.00692941 7
  115.68352 0.0153746 15
  116.05971 0.0623647 62
  116.06912 0.0279342 28
  119.04726 0.0214379 21
  121.03012 0.0192724 19
  127.05560 0.0671286 67
  127.06082 0.07644 76
  131.04867 0.276527 276
  131.05755 0.0212213 21
  132.04970 0.0177566 18
  132.05803 0.0437419 44
  133.02755 0.0283673 28
  134.03074 0.0158077 16
  134.03798 0.0480728 48
  135.00680 0.00757904 8
  137.02263 0.0244695 24
  137.02996 0.0179731 18
  143.04375 0.0300996 30
  143.04936 0.0255522 26
  144.05653 0.302295 302
  149.02242 0.0337809 34
  153.07104 0.0244695 24
  158.04184 0.0262018 26
  159.04482 0.149848 150
  160.04656 0.0409268 41
  160.06004 0.0212213 21
  161.02619 0.0424426 42
  163.04028 0.051754 52
  163.04627 0.0257687 26
  164.04249 0.0264184 26
  165.01688 0.0461239 46
  165.02567 0.0218709 22
  166.07225 0.0203551 20
  167.08575 0.0186228 19
  168.05771 0.0307492 31
  171.04413 0.475314 475
  171.05129 0.257904 258
  171.06210 0.0088783 9
  172.04615 0.0428757 43
  175.03966 0.014725 15
  177.01754 0.0474231 47
  177.06953 0.0236033 24
  179.03377 0.126462 126
  180.03969 0.0240364 24
  184.05178 0.0175401 18
  187.03754 0.0498051 50
  189.01764 0.104807 105
  189.83692 0.00584669 6
  190.02708 0.0892161 89
  190.04604 0.00909485 9
  190.65463 0.0142919 14
  191.03637 0.188826 189
  191.08638 0.0610654 61
  192.03512 0.0288003 29
  195.09059 0.031832 32
  196.05310 0.0205717 21
  200.05958 0.0303162 30
  201.06975 0.0359463 36
  202.07357 0.0277176 28
  202.08024 0.0229537 23
  203.03976 0.0210048 21
  203.08723 0.0718926 72
  205.01490 0.0175401 18
  205.06418 0.0175401 18
  206.74311 0.00519706 5
  207.07837 0.014725 15
  209.05491 0.00801213 8
  210.06937 0.0132092 13
  213.05671 0.019489 19
  217.06268 0.0391945 39
  219.06917 0.0487224 49
  219.07832 0.0937635 94
  221.06013 0.0307492 31
  223.07818 0.0452577 45
  224.04707 0.0225206 22
  229.00040 0.012343 12
  229.06432 0.022304 22
  231.07631 0.0560849 56
  231.08457 0.0539194 54
  233.05889 0.0207882 21
  237.05909 0.0155912 16
  237.09281 0.0281507 28
  241.06661 0.0238198 24
  246.06620 0.0216544 22
  247.07401 0.269164 269
  247.08801 0.0168904 17
  248.07744 0.0452577 45
  250.78505 0.00519706 5
  258.06294 0.019922 20
  259.00612 0.00584669 6
  259.07224 0.0459073 46
  261.05271 0.0420095 42
  265.08331 0.0766566 77
  275.06837 0.261152 261
  275.07702 0.187744 188
  276.07637 0.0773062 77
  277.05279 0.0216544 22
  277.08404 0.0151581 15
  278.05522 0.0407103 41
  279.06550 0.0591165 59
  285.05154 0.131442 131
  286.06169 0.0285838 29
  288.07481 0.0132092 13
  289.04734 0.0160243 16
  292.07098 0.0188393 19
  293.07969 0.0203551 20
  294.06062 0.00714595 7
  302.05641 0.0946297 95
  303.06483 1 999
  303.90555 0.00519706 5
  304.07088 0.167172 167
  304.57947 0.0129926 13
  305.01915 0.0242529 24
  305.04790 0.136639 137
  306.05268 0.0166739 17
  306.23606 0.00952793 10
  307.06056 0.0240364 24
  313.05007 0.0316154 32
  314.05652 0.0511044 51
  320.06737 0.0292334 29
  321.07453 0.121048 121
  321.08319 0.101343 101
  322.07984 0.0335643 34
  331.05835 0.558467 558
  331.07593 0.0651797 65
  331.10584 0.00692941 7
  332.06377 0.125812 126
  348.30192 0.0160243 16
  350.07620 0.0179731 18
//