ACCESSION: MycoMSB-HZI-003289
RECORD_TITLE: Fumigaclavine A; timsTOF; MS2; CE:33.25581395348837; [M+H]+
DATE: 2026.06.26
AUTHORS: Charrià-Girón E, Surup F
LICENSE: CC BY
COPYRIGHT: Helmholtz Centre for Infection Research (HZI)
PUBLICATION: doi:10.1002/cbic.200900395
COMMENT: Converted from Bruker MetaboScape .library export
CH$NAME: Fumigaclavine A
CH$COMPOUND_CLASS: Alkaloids
CH$FORMULA: C18H22N2O2
CH$EXACT_MASS: 298.1681
CH$SMILES: CC1(CN(C)C2(CC3=CNC4=CC=CC(=C34)C2(C1(OC(C)=O)[H])[H])[H])[H]
CH$IUPAC: InChI=1S/C18H22N2O2/c1-10-9-20(3)15-7-12-8-19-14-6-4-5-13(16(12)14)17(15)18(10)22-11(2)21/h4-6,8,10,15,17-19H,7,9H2,1-3H3
CH$LINK: INCHIKEY GJSSYQDXZLZOLR-ONUGHKICSA-N
SP$SCIENTIFIC_NAME: Aspergillus fumigatus
AC$INSTRUMENT: timsTOF Pro, Bruker Daltonics
AC$INSTRUMENT_TYPE: TIMS-TOF
AC$MASS_SPECTROMETRY: MS_TYPE MS2
AC$MASS_SPECTROMETRY: ION_MODE POSITIVE
AC$MASS_SPECTROMETRY: COLLISION_ENERGY 33.25581395348837
AC$MASS_SPECTROMETRY: CCS 173.44476318359375
MS$FOCUSED_ION: BASE_PEAK 299.17540
MS$FOCUSED_ION: PRECURSOR_M/Z 299.17540
MS$FOCUSED_ION: PRECURSOR_TYPE [M+H]+
MS$DATA_PROCESSING: Converted with library_to_massbank.py
PK$SPLASH: splash10-052b-0980000000-5b8688c0d15ddb189b37
PK$NUM_PEAK: 84
PK$PEAK: m/z int. rel.int.
  115.05414 0.00937186 9
  127.05459 0.0137991 14
  128.06026 0.010263 10
  129.06821 0.0086819 9
  130.06650 0.0265057 26
  141.07008 0.0183987 18
  143.07209 0.00965934 10
  143.08463 0.0087969 9
  144.08187 0.0299554 30
  154.06486 0.121029 121
  155.07353 0.0288055 29
  156.08001 0.0556274 56
  156.10069 0.0108093 11
  156.10547 0.0108093 11
  158.09656 0.0140578 14
  165.07025 0.0280581 28
  166.06207 0.0130229 13
  166.07835 0.0221072 22
  167.07412 0.136524 136
  167.08405 0.0170188 17
  168.08061 0.299066 299
  168.08812 0.0221647 22
  168.09598 0.00928561 9
  169.07570 0.0112405 11
  169.08557 0.039471 39
  169.10027 0.00756073 8
  170.05935 0.00776197 8
  170.08575 0.0128216 13
  170.09807 0.0128216 13
  171.09117 0.0142878 14
  172.07452 0.0178813 18
  172.09742 0.00528964 5
  179.08360 0.0338077 34
  180.08048 0.0268794 27
  180.09158 0.0141728 14
  181.08838 0.0425471 43
  181.10235 0.0563461 56
  182.09718 0.0766135 77
  183.09132 0.168377 168
  183.10481 0.0210436 21
  184.08035 0.00804945 8
  184.09851 0.0332902 33
  184.11283 0.00733075 7
  186.09116 0.0234296 23
  187.09362 0.00980308 10
  191.07403 0.0155239 16
  192.08083 0.151847 152
  193.08874 0.245853 246
  193.10457 0.00595084 6
  194.09531 0.0444732 44
  195.09096 0.00741699 7
  196.09945 0.0188587 19
  196.11184 0.1697 170
  197.10716 0.0683341 68
  198.10940 0.00572086 6
  198.12733 0.104327 104
  199.13127 0.0190312 19
  199.13741 0.0169038 17
  206.09480 0.0135691 14
  206.09990 0.0135691 14
  207.09164 0.00902688 9
  207.10474 0.0201811 20
  208.11225 0.691591 691
  209.11510 0.0813569 81
  210.09236 0.0072445 7
  210.10078 0.00689953 7
  210.11560 0.0119592 12
  210.12898 0.0428921 43
  211.13475 0.00991807 10
  221.10982 0.00546212 5
  223.12250 0.0387523 39
  224.13091 0.0482967 48
  225.13844 0.0100618 10
  226.11947 0.00928561 9
  226.12640 0.00859566 9
  237.13973 0.0050309 5
  238.14192 0.0102055 10
  239.15384 0.28633 286
  240.15490 0.0354463 35
  240.15999 0.0354463 35
  257.16480 0.0114417 11
  299.17506 1 999
  299.19664 0.00638206 6
  300.17715 0.163662 163
//