ACCESSION: MycoMSB-HZI-000396
RECORD_TITLE: Colpomenoic acid A; timsTOF; MS2; CE:36.23255813953489; [M+H]+
DATE: 2026.06.26
AUTHORS: Unknown
LICENSE: CC BY
COPYRIGHT: Helmholtz Centre for Infection Research (HZI)
SP$SCIENTIFIC_NAME: Colpoma sp.
PUBLICATION: doi:10.3390/biom11060783
COMMENT: Converted from Bruker MetaboScape .library export
CH$NAME: Colpomenoic acid A
CH$FORMULA: C24H35NO6
CH$EXACT_MASS: 433.2464
CH$SMILES: CC(/C=C/CC(C)CC/C=C(\C)C(O)=C1C(=O)[C@H](C)N(C)C1=O)=C\C(C)C(O)C(=O)O
CH$IUPAC: InChI=1S/C24H35NO6/c1-14(9-7-11-15(2)13-17(4)21(27)24(30)31)10-8-12-16(3)20(26)19-22(28)18(5)25(6)23(19)29/h7,11-14,17-18,21,26-27H,8-10H2,1-6H3,(H,30,31)/b11-7+,15-13+,16-12+,20-19?/t14?,17?,18-,21?/m0/s1
CH$LINK: INCHIKEY NHUXJSBCFWUZGX-KMNUGQMISA-N
AC$INSTRUMENT: timsTOF Pro, Bruker Daltonics
AC$INSTRUMENT_TYPE: timsTOF
AC$MASS_SPECTROMETRY: MS_TYPE MS2
AC$MASS_SPECTROMETRY: ION_MODE POSITIVE
AC$MASS_SPECTROMETRY: COLLISION_ENERGY 36.23255813953489
AC$MASS_SPECTROMETRY: CCS 205.77066040039062
MS$FOCUSED_ION: BASE_PEAK 434.25371
MS$FOCUSED_ION: PRECURSOR_M/Z 434.25371
MS$FOCUSED_ION: PRECURSOR_TYPE [M+H]+
MS$DATA_PROCESSING: Converted with library_to_massbank.py
PK$SPLASH: splash10-005i-0692000000-23c1d816451275eb8c9c
PK$NUM_PEAK: 194
PK$PEAK: m/z int. rel.int.
  107.08568 0.0392221 39
  109.09901 0.0375742 38
  119.08206 0.132828 133
  119.08617 0.132828 133
  121.43139 0.0402109 40
  123.08139 0.0379038 38
  125.09743 0.0372446 37
  127.05578 0.0145023 14
  128.06102 0.0388926 39
  129.07910 0.0375742 38
  130.06732 0.0474621 47
  131.08616 0.0721819 72
  135.08129 0.035267 35
  137.09584 0.0296638 30
  140.07157 0.05735 57
  142.08743 0.0477917 48
  143.07738 0.0339486 34
  143.08673 0.0830587 83
  145.09960 0.089321 89
  147.11584 0.0619644 62
  148.08435 0.033619 34
  148.12243 0.0306526 31
  149.09685 0.0306526 31
  149.13123 0.0461437 46
  150.10512 0.0359262 36
  151.08026 0.0431773 43
  154.05029 0.134476 134
  154.05456 0.134476 134
  155.05840 0.0718523 72
  155.07278 0.0151615 15
  155.39240 0.00791035 8
  157.09999 0.0642716 64
  158.01623 0.0372446 37
  158.07916 0.0273566 27
  158.10473 0.0191167 19
  159.11757 0.113052 113
  159.12462 0.0787739 79
  161.09512 0.111734 112
  161.13232 0.0998682 100
  162.15055 0.0388926 39
  165.09182 0.0306526 31
  166.08246 0.0395517 40
  166.09021 0.122281 122
  166.09626 0.0379038 38
  168.06358 0.0458141 46
  168.10009 0.0273566 27
  168.11225 0.00758075 8
  169.10200 0.0613052 61
  169.10956 0.0362558 36
  170.08410 0.0692156 69
  171.11505 0.0266974 27
  172.09761 0.0718523 72
  173.09944 0.0326302 33
  175.10976 0.0260382 26
  175.14733 0.295649 295
  175.15360 0.134806 135
  175.68360 0.0115359 12
  177.09213 0.0283454 28
  177.12752 0.0326302 33
  177.16441 0.0896506 90
  179.14427 0.0234015 23
  180.10025 0.0184575 18
  181.08613 0.0105471 11
  183.12101 0.0431773 43
  184.09945 0.0576796 58
  185.13250 0.0781147 78
  187.02586 0.00922874 9
  187.11144 0.0234015 23
  187.14769 0.51615 516
  188.15242 0.116678 117
  188.67238 0.00988794 10
  189.08944 0.0530653 53
  189.12816 0.0181279 18
  189.16473 0.0349374 35
  190.12548 0.0484509 48
  190.13598 0.0669084 67
  190.22902 0.00692156 7
  191.10379 0.031971 32
  191.18040 0.0754779 75
  194.07995 0.0306526 31
  197.38666 0.00659196 7
  199.11112 0.0359262 36
  199.14686 0.498352 498
  200.15066 0.132498 132
  200.67698 0.0118655 12
  201.16262 0.119314 119
  202.12435 0.00791035 8
  202.16661 0.0952538 95
  203.14239 0.116678 117
  205.08622 0.0339486 34
  207.10278 0.0313118 31
  207.13430 0.0382334 38
  208.14184 0.0329598 33
  209.13147 0.031971 32
  211.11095 0.0332894 33
  211.14732 0.0290046 29
  213.12716 0.0382334 38
  213.16141 0.0349374 35
  214.17133 0.18062 180
  215.14388 0.11437 114
  215.17848 0.176335 176
  216.11539 0.0487805 49
  216.14907 0.0500989 50
  216.46046 0.0250494 25
  217.15666 0.086025 86
  219.17769 0.0365854 37
  220.13980 0.030323 30
  221.11797 0.0227423 23
  224.15215 0.0339486 34
  225.16315 0.345748 345
  226.10487 0.0346078 35
  226.16133 0.0929466 93
  226.16998 0.120962 121
  227.14122 0.170073 170
  227.18107 0.0500989 50
  227.24709 0.0141727 14
  228.14403 0.0266974 27
  228.18420 0.030323 30
  229.12324 0.035267 35
  229.15853 0.834212 833
  229.24638 0.00988794 10
  230.15717 0.0721819 72
  230.17335 0.0131839 13
  233.11595 0.0141727 14
  233.15178 0.027027 27
  233.19238 0.0224127 22
  233.91911 0.0115359 12
  234.19671 0.025379 25
  238.13664 0.0283454 28
  239.18054 0.094265 94
  240.18559 0.028675 29
  241.14169 0.0210943 21
  243.13276 0.0187871 19
  243.17495 0.375412 375
  244.18025 0.0250494 25
  245.15278 0.105142 105
  245.19080 0.0177983 18
  246.15680 0.036915 37
  247.13454 0.025379 25
  248.12654 0.0306526 31
  253.15864 0.0177983 18
  257.11132 0.0454845 45
  257.15647 0.0365854 37
  257.19070 0.135135 135
  257.19568 0.135135 135
  258.15000 0.0619644 62
  258.19852 0.0201055 20
  259.21750 0.0201055 20
  261.18397 0.26269 262
  262.15474 0.0448253 45
  265.16203 0.0194463 19
  267.17693 0.242584 242
  268.18084 0.0570204 57
  271.15591 0.0290046 29
  271.16622 0.0306526 31
  274.17798 0.0603164 60
  275.16311 0.0181279 18
  275.19771 0.0698748 70
  277.15690 0.0257086 26
  285.18756 0.176335 176
  285.26742 0.0131839 13
  285.51317 0.00955834 10
  286.19021 0.0296638 30
  289.18116 0.77851 778
  289.20159 0.0448253 45
  289.26809 0.00659196 7
  289.92027 0.0125247 13
  290.18123 0.153922 154
  290.35724 0.0184575 18
  292.19396 0.0316414 32
  295.16411 0.063942 64
  296.17006 0.0290046 29
  298.18439 0.023731 24
  303.19211 0.112393 112
  303.20189 0.0833883 83
  304.20287 0.0204351 20
  323.21781 0.0329598 33
  330.22976 0.0408701 41
  331.04893 0.00823995 8
  331.19064 1 999
  332.19465 0.219512 219
  332.21401 0.0428477 43
  332.52485 0.00791035 8
  333.19551 0.031971 32
  333.25262 0.0105471 11
  333.96689 0.0108767 11
  355.24326 0.0210943 21
  370.23853 0.05735 57
  388.24508 0.108767 109
  388.25615 0.0454845 45
  406.26084 0.0177983 18
  417.24617 0.0306526 31
  434.25178 0.120633 121
  435.25718 0.060646 61
//