ACCESSION: MycoMSB-HZI-003102
RECORD_TITLE: Aethiopinolone B; timsTOF; MS2; CE:33.53488372093023; [M+H-H2O]+
DATE: 2026.06.26
AUTHORS: Charrià-Girón E, Surup F
LICENSE: CC BY
COPYRIGHT: Helmholtz Centre for Infection Research (HZI)
PUBLICATION: doi:10.3390/molecules23020369
COMMENT: Converted from Bruker MetaboScape .library export
CH$NAME: Aethiopinolone B
CH$FORMULA: C21H30O5
CH$EXACT_MASS: 362.2093
CH$SMILES: C
CH$IUPAC: InChI=1S/C21H30O5/c1-11(22)18-17(25)9-13-14-10-16(24)15-8-12(23)4-5-20(15,3)21(14,26)7-6-19(13,18)2/h10,12-13,15,17-18,23,25-26H,4-9H2,1-3H3/t12-,13+,15-,17-,18+,19+,20+,21-/m1/s1
CH$LINK: INCHIKEY XRQFYNJEWGIVRD-JBRJJFGXSA-N
SP$SCIENTIFIC_NAME: Fomitiporia aethiopica
AC$INSTRUMENT: timsTOF Pro, Bruker Daltonics
AC$INSTRUMENT_TYPE: TIMS-TOF
AC$MASS_SPECTROMETRY: MS_TYPE MS2
AC$MASS_SPECTROMETRY: ION_MODE POSITIVE
AC$MASS_SPECTROMETRY: COLLISION_ENERGY 33.53488372093023
AC$MASS_SPECTROMETRY: CCS 161.32086181640625
MS$FOCUSED_ION: BASE_PEAK 345.20604
MS$FOCUSED_ION: PRECURSOR_M/Z 345.20604
MS$FOCUSED_ION: PRECURSOR_TYPE [M+H-H2O]+
MS$DATA_PROCESSING: Converted with library_to_massbank.py
PK$SPLASH: splash10-00di-0691000000-746b659f5cbb40e199cc
PK$NUM_PEAK: 222
PK$PEAK: m/z int. rel.int.
  108.08989 0.0101334 10
  111.08311 0.0121747 12
  117.06862 0.0101334 10
  121.06244 0.00714442 7
  122.06618 0.00955019 10
  123.08100 0.009696 10
  124.08260 0.0102792 10
  127.05356 0.0121747 12
  128.06231 0.00714442 7
  129.06857 0.014945 15
  130.07633 0.0166946 17
  131.08563 0.00707152 7
  132.08865 0.00772764 8
  135.07704 0.00736313 7
  135.08249 0.00561347 6
  140.05790 0.00801925 8
  141.06861 0.00772764 8
  142.07736 0.00517606 5
  143.07100 0.00685281 7
  143.08558 0.067143 67
  144.08875 0.00772764 8
  145.06488 0.0137056 14
  145.09950 0.0486258 49
  145.10446 0.0368156 37
  146.10341 0.0134869 13
  147.07875 0.0106437 11
  149.09596 0.00583218 6
  153.06808 0.0145804 15
  154.07679 0.0182256 18
  155.08606 0.0430123 43
  155.09710 0.00707152 7
  156.08437 0.0064154 6
  157.06498 0.00677991 7
  157.09831 0.0166217 17
  157.10419 0.00612379 6
  158.07111 0.0543122 54
  158.10570 0.0064154 6
  159.08037 0.0231829 23
  159.11465 0.0165488 17
  160.12220 0.00772764 8
  161.09429 0.0291609 29
  165.07013 0.0237661 24
  165.07864 0.0096231 10
  166.07698 0.0145804 15
  167.08535 0.0241306 24
  168.07051 0.00729022 7
  168.09282 0.00692571 7
  168.10093 0.00590508 6
  169.10022 0.035795 36
  170.07187 0.00583218 6
  170.10655 0.00947729 9
  170.11675 0.00707152 7
  171.08108 0.059634 60
  171.11625 0.00940439 9
  172.08348 0.0239848 24
  173.09556 1 999
  173.11099 0.00597798 6
  174.09864 0.145513 145
  175.11051 0.0176423 18
  177.07204 0.00568637 6
  178.07667 0.0271196 27
  179.08426 0.00721732 7
  180.09043 0.00568637 6
  181.06575 0.0142159 14
  181.09971 0.035795 36
  182.07283 0.0203397 20
  182.10382 0.0247868 25
  182.10813 0.0247868 25
  183.07758 0.0290151 29
  183.11581 0.0478968 48
  184.09026 0.00561347 6
  184.11998 0.00947729 9
  185.09562 0.038784 39
  185.10130 0.038784 39
  185.13167 0.00874827 9
  186.10042 0.0153095 15
  187.11185 0.0450536 45
  188.11322 0.0228913 23
  191.08268 0.00780054 8
  192.09327 0.0197565 20
  193.10138 0.0519064 52
  194.10772 0.0344828 34
  194.12618 0.011154 11
  195.08116 0.0199752 20
  195.11687 0.0433768 43
  196.08294 0.0144346 14
  196.11713 0.0336808 34
  197.09584 0.0721732 72
  197.12607 0.0369614 37
  197.13204 0.0369614 37
  198.10348 0.039513 39
  199.10976 0.0483342 48
  200.11490 0.00889407 9
  201.09120 0.0204855 20
  201.12963 0.00605089 6
  202.07576 0.00532186 5
  203.08261 0.0202668 20
  205.10188 0.0244952 24
  206.10700 0.0102792 10
  207.07931 0.024641 25
  207.11755 0.103011 103
  208.09017 0.0128308 13
  208.11935 0.0575928 58
  209.09622 0.0754538 75
  209.13129 0.0419917 42
  210.10188 0.0401691 40
  210.13724 0.015674 16
  211.11064 0.115186 115
  211.14977 0.00612379 6
  212.11356 0.0538019 54
  212.12118 0.0407524 41
  212.15333 0.00677991 7
  213.12808 0.0386382 39
  214.13006 0.0164759 16
  215.10487 0.0258074 26
  216.09019 0.00809215 8
  216.11318 0.00568637 6
  216.17987 0.00882117 9
  217.09926 0.0227455 23
  217.10435 0.0227455 23
  218.10555 0.0252971 25
  218.11150 0.0202668 20
  219.11529 0.0554786 55
  220.08644 0.00794634 8
  220.12420 0.0131224 13
  221.09519 0.0301086 30
  221.13028 0.0225997 23
  222.10296 0.0190275 19
  222.13593 0.0066341 7
  223.11050 0.0564992 56
  223.13687 0.0128308 13
  223.14657 0.0540935 54
  224.11752 0.0255158 25
  224.14741 0.00692571 7
  225.12522 0.0885033 88
  226.13257 0.0524167 52
  226.14017 0.0207771 21
  227.13910 0.0502296 50
  228.10846 0.00532186 5
  230.10754 0.0173507 17
  231.11629 0.0109353 11
  231.12580 0.00583218 6
  232.12327 0.0317854 32
  233.13102 0.1251 125
  234.10074 0.0177152 18
  234.10755 0.0177152 18
  234.13521 0.0422833 42
  234.13825 0.0422833 42
  235.10958 0.0473865 47
  235.11899 0.00816505 8
  235.14035 0.0145075 14
  236.11775 0.0520522 52
  237.12337 0.0598527 60
  237.16010 0.00780054 8
  238.13219 0.0125392 13
  238.16771 0.00619669 6
  239.14231 0.0383466 38
  239.15620 0.00597798 6
  240.14445 0.0464387 46
  240.15372 0.00743603 7
  241.15589 0.028359 28
  241.16561 0.00903988 9
  242.15772 0.00809215 8
  243.11606 0.0341911 34
  247.10701 0.00947729 9
  247.14790 0.0473865 47
  248.12111 0.00677991 7
  248.15133 0.012685 13
  249.12977 0.0209958 21
  249.16251 0.0370343 37
  250.13098 0.0487716 49
  250.15059 0.0066341 7
  251.10646 0.00699861 7
  251.12133 0.00801925 8
  251.14149 0.294306 294
  251.16595 0.00619669 6
  252.14533 0.111613 112
  253.11822 0.0138514 14
  253.12569 0.00583218 6
  254.12961 0.0129766 13
  256.18096 0.00801925 8
  258.14027 0.0252971 25
  258.15510 0.00721732 7
  259.13116 0.00750893 8
  261.12716 0.0315667 32
  261.14695 0.00918568 9
  261.16386 0.0282861 28
  262.13118 0.00809215 8
  262.17423 0.00685281 7
  263.14289 0.0167675 17
  263.17717 0.024641 25
  264.14841 0.00794634 8
  265.15688 0.0860975 86
  266.16304 0.109572 109
  267.13754 0.0124663 12
  267.17197 0.300211 300
  268.14100 0.0184443 18
  268.18003 0.0607276 61
  269.15122 0.0125392 13
  270.15339 0.0145804 15
  273.16320 0.0282861 28
  274.16402 0.0107895 11
  275.14392 0.00889407 9
  276.14884 0.0519793 52
  276.15676 0.00721732 7
  277.15583 0.0166217 17
  279.13525 0.0279945 28
  281.15259 0.0222352 22
  282.19402 0.00677991 7
  283.17442 0.0147992 15
  285.18429 0.0145804 15
  286.19161 0.0108624 11
  291.17197 0.0627688 63
  292.17192 0.0291609 29
  292.17883 0.0291609 29
  294.16016 0.0274112 27
  295.17075 0.00758183 8
  309.18338 0.131297 131
  310.18865 0.0318583 32
  312.17001 0.00677991 7
  327.19541 0.333819 333
  328.19641 0.0722461 72
//