ACCESSION: MycoMSB-HZI-000478
RECORD_TITLE: Eucalactam B; timsTOF; MS2; CE:36.4; [M+H-H2O]+
DATE: 2026.06.26
AUTHORS: Unknown
LICENSE: CC BY
COPYRIGHT: Helmholtz Centre for Infection Research (HZI)
SP$SCIENTIFIC_NAME: Diaporthe eucalyptorum KY-9
PUBLICATION: doi:10.1021/acs.jafc.9b07825
COMMENT: Converted from Bruker MetaboScape .library export
CH$NAME: Eucalactam B
CH$COMPOUND_CLASS: Polyketides
CH$FORMULA: C25H43N3O8
CH$EXACT_MASS: 513.3050
CH$SMILES: CCC(C)(C1(C(C)(C(=C(CCC(CC(C(C)(C(=NC(C(C)(O)[H])(C(=NCC(=NCC(=O)O1)O)O)[H])O)[H])(O)[H])(O)[H])[H])[H])[H])[H])[H]
CH$IUPAC: InChI=1S/C25H43N3O8/c1-6-14(2)23-15(3)9-7-8-10-18(30)11-19(31)16(4)24(34)28-22(17(5)29)25(35)27-12-20(32)26-13-21(33)36-23/h7,9,14-19,22-23,29-31H,6,8,10-13H2,1-5H3,(H,26,32)(H,27,35)(H,28,34)
CH$LINK: INCHIKEY GZYIEALVVYTAQB-MJQLVKIDSA-N
AC$INSTRUMENT: timsTOF Pro, Bruker Daltonics
AC$INSTRUMENT_TYPE: timsTOF
AC$MASS_SPECTROMETRY: MS_TYPE MS2
AC$MASS_SPECTROMETRY: ION_MODE POSITIVE
AC$MASS_SPECTROMETRY: COLLISION_ENERGY 36.418604651162795
AC$MASS_SPECTROMETRY: CCS 212.4471893310547
MS$FOCUSED_ION: BASE_PEAK 496.30173
MS$FOCUSED_ION: PRECURSOR_M/Z 496.30173
MS$FOCUSED_ION: PRECURSOR_TYPE [M+H-H2O]+
MS$DATA_PROCESSING: Converted with library_to_massbank.py
PK$SPLASH: splash10-0ufr-0673900000-ba27369b7e846a473f28
PK$NUM_PEAK: 100
PK$PEAK: m/z int. rel.int.
  119.08539 0.0153145 15
  121.10153 0.0127314 13
  123.11231 0.0102863 10
  123.11717 0.014 14
  125.07139 0.00681154 7
  131.08381 0.00530399 5
  133.06062 0.0097439 10
  133.10077 0.0234037 23
  135.11819 0.00637031 6
  137.09645 0.0129796 13
  137.13263 0.00646223 6
  147.11732 0.01969 20
  149.13339 0.0173644 17
  153.06573 0.707591 707
  153.08114 0.0170702 17
  154.06944 0.0425147 42
  154.08527 0.00653577 7
  158.08014 0.0165738 17
  159.07585 0.0102035 10
  161.13247 0.00687588 7
  163.14838 0.0302521 30
  164.15183 0.00892578 9
  168.06639 0.00516611 5
  171.07638 0.00536834 5
  171.08194 0.00580957 6
  175.11199 0.011996 12
  179.08170 0.0126027 13
  181.06032 0.0295351 30
  181.15788 0.00593826 6
  182.09379 0.00674719 7
  189.16413 0.0272921 27
  190.16689 0.00694023 7
  198.11333 0.00739985 7
  207.17463 0.0108102 11
  210.08717 0.00551542 6
  217.19517 0.0138805 14
  227.17902 0.00523964 5
  228.09840 0.893359 892
  228.11591 0.0292133 29
  228.54381 0.00606696 6
  229.10169 0.0839998 84
  234.10791 0.0087787 9
  245.18879 0.0083007 8
  248.16510 0.00927509 9
  250.14518 0.00704135 7
  254.11240 0.0148824 15
  256.09345 0.023606 24
  256.20640 0.00557976 6
  263.20067 0.00737227 7
  266.17566 0.00783189 8
  271.14532 0.0133197 13
  272.12417 0.0563675 56
  273.12383 0.00658173 7
  273.13068 0.00700458 7
  274.21695 0.013669 14
  289.15353 0.0115916 12
  300.21299 0.00766643 8
  302.21003 0.00815362 8
  307.16521 0.0215469 22
  313.22453 0.00558895 6
  313.23219 0.00558895 6
  318.24455 0.0169231 17
  319.24482 0.00544188 5
  320.22231 0.00898094 9
  328.22165 0.00610373 6
  328.22990 0.00610373 6
  331.23820 0.00644384 6
  336.25315 0.0133105 13
  341.22138 0.0666722 67
  342.22496 0.0139632 14
  342.23945 0.0052948 5
  346.17072 0.00726196 7
  346.17898 0.006738 7
  346.23610 0.0120604 12
  347.24141 0.00670123 7
  359.23224 0.118977 119
  360.23533 0.0301601 30
  364.24805 0.024038 24
  365.25183 0.00548784 5
  377.24260 0.234359 234
  378.24596 0.0583623 58
  379.25013 0.00600261 6
  408.24762 0.0328811 33
  409.25324 0.00718842 7
  416.25342 0.0386814 39
  417.25873 0.0194878 19
  434.26482 0.158743 159
  435.26744 0.0517806 52
  452.27547 1 999
  452.30093 0.0463755 46
  452.45415 0.00716085 7
  452.59586 0.0052948 5
  452.90361 0.0106172 11
  453.27833 0.29513 295
  454.28127 0.03278 33
  460.28097 0.00544188 5
  478.29082 0.0132278 13
  479.29451 0.00545107 5
  496.30082 0.0600169 60
  497.30415 0.0245804 25
//