ACCESSION: MycoMSB-HZI-000346
RECORD_TITLE: Pyristriatin B; timsTOF; MS2; CE:36.4; [M+H]+
DATE: 2026.06.26
AUTHORS: Unknown
LICENSE: CC BY
COPYRIGHT: Helmholtz Centre for Infection Research (HZI)
SP$SCIENTIFIC_NAME: Cyathus cf. striatus
PUBLICATION: doi:10.1021/acs.jnatprod.6b00194
COMMENT: Converted from Bruker MetaboScape .library export
CH$NAME: Pyristriatin B
CH$COMPOUND_CLASS: Terpenoids
CH$FORMULA: C26H35NO5
CH$EXACT_MASS: 441.2515
CH$SMILES: CC(C)C=1CCC2(C)CCC3(C)C(C(CC4=CN=C(C(CO)=O)C5=C4C3(OC5(OC)[H])[H])(O)[H])(C12)[H]
CH$IUPAC: InChI=1S/C26H35NO5/c1-13(2)15-6-7-25(3)8-9-26(4)21(20(15)25)16(29)10-14-11-27-22(17(30)12-28)19-18(14)23(26)32-24(19)31-5/h11,13,16,21,23-24,28-29H,6-10,12H2,1-5H3
CH$LINK: INCHIKEY GOSSDHHYVCWSCT-IHMRMOLWSA-N
AC$INSTRUMENT: timsTOF Pro, Bruker Daltonics
AC$INSTRUMENT_TYPE: timsTOF
AC$MASS_SPECTROMETRY: MS_TYPE MS2
AC$MASS_SPECTROMETRY: ION_MODE POSITIVE
AC$MASS_SPECTROMETRY: COLLISION_ENERGY 36.44186046511628
AC$MASS_SPECTROMETRY: CCS 209.38182067871094
MS$FOCUSED_ION: BASE_PEAK 442.25880
MS$FOCUSED_ION: PRECURSOR_M/Z 442.25880
MS$FOCUSED_ION: PRECURSOR_TYPE [M+H]+
MS$DATA_PROCESSING: Converted with library_to_massbank.py
PK$SPLASH: splash10-01ox-0149200000-803906c15f4f09c631b0
PK$NUM_PEAK: 332
PK$PEAK: m/z int. rel.int.
  119.08636 0.00665344 7
  121.10220 0.0363552 36
  123.11593 0.0132174 13
  133.05271 0.0120687 12
  133.10316 0.00856295 9
  134.05934 0.0189459 19
  135.06781 0.00813032 8
  135.11746 0.0354751 35
  135.12649 0.00639983 6
  137.13179 0.0330285 33
  145.10100 0.0126654 13
  146.05970 0.0135008 13
  147.11503 0.00796623 8
  149.13328 0.0274641 27
  159.11595 0.0078618 8
  160.07650 0.00728 7
  161.13171 0.00878672 9
  162.05640 0.0267779 27
  164.07169 0.0141721 14
  169.08847 0.00522131 5
  172.07978 0.0100547 10
  173.13320 0.00739934 7
  174.05614 0.0108902 11
  175.14879 0.0344457 34
  176.06979 0.0105023 10
  177.16329 0.0210643 21
  178.05024 0.00783196 8
  182.09762 0.00668328 7
  184.07544 0.0118897 12
  186.05424 0.0147241 15
  186.09284 0.014202 14
  187.06168 0.00590754 6
  188.06943 0.0202288 20
  189.07815 0.00657885 7
  189.16476 0.00936852 9
  190.04995 0.0472454 47
  190.08832 0.00723524 7
  191.05382 0.00692196 7
  191.17900 0.0362359 36
  192.06581 0.017827 18
  192.18128 0.00650426 6
  196.07555 0.0131129 13
  198.05742 0.00821983 8
  198.09123 0.0108454 11
  199.09610 0.00631032 6
  200.07054 0.00642967 6
  200.10804 0.0056241 6
  201.16100 0.00635508 6
  201.16657 0.00635508 6
  202.04907 0.0180806 18
  203.17996 0.0075336 8
  204.06578 0.0286128 29
  208.07602 0.0252562 25
  209.07635 0.00798114 8
  210.09357 0.027658 28
  211.09458 0.00763803 8
  212.07131 0.0278818 28
  213.07776 0.00638491 6
  214.04900 0.0160369 16
  214.08722 0.00987573 10
  216.06523 0.0245849 25
  217.07122 0.00754852 8
  218.08149 0.0152015 15
  218.09564 0.0060418 6
  220.06089 0.0308505 31
  220.07883 0.00848836 8
  222.07600 0.0103829 10
  222.08135 0.0103829 10
  222.09154 0.0155744 16
  222.12697 0.00516164 5
  224.07143 0.0161413 16
  224.10625 0.011472 11
  225.07469 0.00665344 7
  226.08541 0.0156788 16
  226.12349 0.0057136 6
  227.09344 0.00574344 6
  228.06581 0.0224218 22
  228.10268 0.0165143 16
  229.10594 0.0109797 11
  230.04513 0.0156192 16
  230.09522 0.0066236 7
  231.08342 0.00707114 7
  231.11484 0.0051318 5
  231.12073 0.0051318 5
  232.06004 0.0499903 50
  232.07395 0.00607164 6
  232.10199 0.00632524 6
  232.10954 0.00784688 8
  233.06832 0.00790655 8
  234.07314 0.0159175 16
  234.08715 0.00742918 7
  234.12911 0.00651918 7
  236.07167 0.00784688 8
  236.10453 0.00911491 9
  236.11215 0.00654901 7
  237.07526 0.0052959 5
  237.11424 0.00707114 7
  238.08803 0.0262706 26
  238.12259 0.00663852 7
  239.09178 0.00738442 7
  240.06215 0.00547492 5
  240.06817 0.00547492 5
  240.10088 0.024749 25
  242.08246 0.0319842 32
  242.11807 0.00632524 6
  243.08982 0.00995032 10
  243.10785 0.00689213 7
  244.06028 0.0164546 16
  244.09607 0.0182 18
  244.10429 0.0134262 13
  244.11328 0.00820491 8
  245.09635 0.00553459 6
  245.10193 0.00553459 6
  246.07870 0.0147987 15
  246.12952 0.0113377 11
  248.10454 0.0161264 16
  249.11852 0.00738442 7
  249.12511 0.00738442 7
  250.08663 0.00941327 9
  250.12348 0.00920442 9
  252.10160 0.0217057 22
  252.13724 0.00575836 6
  253.09997 0.00738442 7
  253.10588 0.00738442 7
  254.08068 0.0547641 55
  254.11581 0.00543016 5
  255.09049 0.00551967 6
  256.09630 0.056599 57
  257.09944 0.0120985 12
  257.10665 0.0135306 14
  258.11239 0.0111139 11
  258.12738 0.00772754 8
  260.09167 0.0224367 22
  260.10853 0.0119643 12
  260.14273 0.00775737 8
  261.11196 0.00781705 8
  262.12304 0.0192592 19
  262.15934 0.00532574 5
  263.12859 0.00981606 10
  264.10197 0.0148584 15
  264.13788 0.0100547 10
  265.10703 0.00677278 7
  266.11570 0.00972655 10
  267.12385 0.00565393 6
  268.09683 0.018021 18
  268.13055 0.00560918 6
  269.10425 0.00783196 8
  270.11125 0.0166933 17
  270.12814 0.00912983 9
  271.12012 0.00572852 6
  271.13442 0.00775737 8
  272.08950 0.0137843 14
  272.14244 0.0213626 21
  273.09493 0.00550475 5
  273.15266 0.0139334 14
  273.16220 0.0051318 5
  273.16766 0.0051318 5
  274.12130 0.0102188 10
  275.13044 0.00998016 10
  276.10156 0.0199006 20
  276.13702 0.0114421 11
  276.17356 0.0133516 13
  277.10577 0.0060418 6
  277.14247 0.00583295 6
  278.11465 0.0208405 21
  278.12369 0.015097 15
  278.15399 0.0128295 13
  279.15889 0.00883147 9
  280.13504 0.0158579 16
  281.13674 0.0109051 11
  282.11154 0.00989065 10
  285.14939 0.0146793 15
  286.10687 0.00580311 6
  286.12175 0.00824967 8
  286.12596 0.00824967 8
  286.15893 0.0118747 12
  288.12557 0.00631032 6
  288.13782 0.0179315 18
  289.14745 0.00684737 7
  290.11908 0.0182746 18
  290.15263 0.0296123 30
  291.11455 0.00674295 7
  291.12365 0.0104725 10
  291.13258 0.00666836 7
  291.16033 0.00710098 7
  292.13538 0.0175884 18
  294.11281 0.0228992 23
  294.14876 0.0100547 10
  295.12028 0.00859278 9
  296.12696 0.0133964 13
  298.12440 0.0122626 12
  298.14420 0.0109946 11
  298.15922 0.00574344 6
  299.16671 0.0052959 5
  300.12255 0.0065341 7
  300.13945 0.0176928 18
  300.16471 0.00526606 5
  300.17331 0.00557934 6
  302.19150 0.01183 12
  303.16139 0.0161861 16
  304.13420 0.0230334 23
  304.17158 0.0208554 21
  305.13480 0.00531082 5
  306.14872 0.0196023 20
  306.15838 0.00895082 9
  306.18573 0.0115466 12
  307.15645 0.00774246 8
  308.12649 0.0332374 33
  308.16394 0.00887623 9
  309.13011 0.00684737 7
  310.14098 0.0179464 18
  310.14781 0.0179464 18
  311.15309 0.00507213 5
  312.12475 0.00745901 7
  312.13639 0.00619098 6
  313.13145 0.00592246 6
  313.14680 0.0124267 12
  314.13953 0.00778721 8
  314.15350 0.0462011 46
  315.15537 0.00823475 8
  316.13280 0.0252861 25
  316.16758 0.01729 17
  316.20609 0.0119046 12
  317.13384 0.00613131 6
  317.14301 0.00854803 9
  317.17516 0.00887623 9
  317.21571 0.00559426 6
  318.13700 0.00501246 5
  318.14867 0.0466934 47
  318.22117 0.0166784 17
  319.15427 0.0108603 11
  319.20435 0.00639983 6
  320.16585 0.0100995 10
  320.20077 0.00551967 6
  321.16628 0.00666836 7
  321.17392 0.00762311 8
  322.14236 0.0181105 18
  322.17562 0.00820491 8
  322.18365 0.00866737 9
  322.21669 0.00708606 7
  324.16055 0.0122775 12
  326.13034 0.00704131 7
  326.13822 0.00722032 7
  326.15527 0.00811541 8
  326.18847 0.00623573 6
  328.15512 0.0058777 6
  328.17217 0.00507213 5
  328.20579 0.0361613 36
  329.21003 0.00517655 5
  330.14964 0.0168574 17
  330.18271 0.014381 14
  331.15708 0.0748288 75
  331.19271 0.00777229 8
  332.16463 0.0804977 80
  332.19381 0.00601196 6
  333.16878 0.0246744 25
  333.21133 0.00519147 5
  334.13604 0.00581803 6
  334.14566 0.00619098 6
  334.18127 0.0272702 27
  334.21603 0.00944311 9
  335.18474 0.00614623 6
  336.15836 0.0439933 44
  336.22016 0.00516164 5
  336.23147 0.0172751 17
  337.16451 0.020751 21
  340.15618 0.00616114 6
  341.17781 0.0122626 12
  342.17139 0.00933868 9
  343.17463 0.00502737 5
  344.16316 0.0369669 37
  344.19833 0.00904032 9
  345.17570 0.00581803 6
  345.20536 0.0240628 24
  345.21322 0.0240628 24
  345.22245 0.00871213 9
  346.17785 0.0146346 15
  346.21628 0.170677 171
  347.18223 0.00632524 6
  347.22103 0.0452016 45
  348.16092 0.0106216 11
  348.19393 0.0129638 13
  349.16861 0.0189757 19
  349.20330 0.0110543 11
  350.17509 0.0612683 61
  350.20790 0.00895082 9
  351.17626 0.0197515 20
  352.18889 0.0237495 24
  354.17051 0.0274342 27
  355.17445 0.00971163 10
  356.20096 0.227187 227
  357.20349 0.0575836 58
  358.17762 0.00890606 9
  359.18860 0.0240926 24
  362.17389 0.0230483 23
  362.20840 0.0251369 25
  363.17955 0.00881655 9
  363.22021 0.0300598 30
  364.18797 0.011099 11
  364.22661 0.226023 226
  365.22907 0.0365342 36
  366.20511 0.0216908 22
  367.17827 0.00541524 5
  368.18479 0.00989065 10
  368.21907 0.00823475 8
  374.21126 0.655364 655
  374.22747 0.00681754 7
  374.23304 0.00681754 7
  375.21392 0.169275 169
  376.22000 0.00817508 8
  377.19935 0.038399 38
  378.20414 0.0103233 10
  381.22840 0.0168126 17
  382.23841 0.052586 53
  383.24189 0.00805573 8
  392.22195 1 999
  392.24611 0.0226157 23
  392.40087 0.00508705 5
  392.80539 0.00589262 6
  393.22575 0.280459 280
  394.22840 0.00847344 8
  394.23951 0.00608655 6
  396.25268 0.0051318 5
  406.23846 0.00716065 7
  410.23218 0.84888 848
  410.25546 0.0156639 16
  411.23565 0.208375 208
  412.24035 0.0104128 10
  424.24364 0.0135157 14
  442.25836 0.342831 342
  443.26120 0.0817806 82
  444.26694 0.00538541 5
//