ACCESSION: MycoMSB-HZI-000366
RECORD_TITLE: Alternariol; timsTOF; MS2; CE:37.116279069767444; [2M+Na]+
DATE: 2026.06.26
AUTHORS: Charrià-Girón E, Surup F
LICENSE: CC BY
COPYRIGHT: Helmholtz Centre for Infection Research (HZI)
SP$SCIENTIFIC_NAME: Alternaria tenuis
PUBLICATION: doi:10.1042/bj0550421
COMMENT: Converted from Bruker MetaboScape .library export
CH$NAME: Alternariol
CH$COMPOUND_CLASS: Shikimates and Phenylpropanoids
CH$FORMULA: C14H10O5
CH$EXACT_MASS: 258.0528
CH$SMILES: CC1=CC(=CC2=C1C=3C=C(C=C(C3C(=O)O2)O)O)O
CH$IUPAC: InChI=1S/C14H10O5/c1-6-2-7(15)5-11-12(6)9-3-8(16)4-10(17)13(9)14(18)19-11/h2-5,15-17H,1H3
CH$LINK: INCHIKEY CEBXXEKPIIDJHL-UHFFFAOYSA-N
AC$INSTRUMENT: timsTOF Pro, Bruker Daltonics
AC$INSTRUMENT_TYPE: timsTOF
AC$MASS_SPECTROMETRY: MS_TYPE MS2
AC$MASS_SPECTROMETRY: ION_MODE POSITIVE
AC$MASS_SPECTROMETRY: COLLISION_ENERGY 37.116279069767444
AC$MASS_SPECTROMETRY: CCS 217.56166076660156
MS$FOCUSED_ION: BASE_PEAK 539.09487
MS$FOCUSED_ION: PRECURSOR_M/Z 539.09487
MS$FOCUSED_ION: PRECURSOR_TYPE [2M+Na]+
MS$DATA_PROCESSING: Converted with library_to_massbank.py
PK$SPLASH: splash10-001i-0292230000-bf4b63903f7ecd1a3e5b
PK$NUM_PEAK: 119
PK$PEAK: m/z int. rel.int.
  104.45704 0.0170132 17
  112.07964 0.0170132 17
  116.80333 0.0170132 17
  123.91579 0.0170132 17
  140.26789 0.0170132 17
  147.06774 0.226843 227
  149.42366 0.0170132 17
  150.51939 0.0170132 17
  169.32744 0.0170132 17
  169.94679 0.0170132 17
  174.81818 0.0170132 17
  177.84248 0.0170132 17
  190.36299 0.0170132 17
  196.33994 0.0170132 17
  201.87553 0.0170132 17
  216.52507 0.0170132 17
  225.05954 0.145558 145
  242.04869 0.0170132 17
  274.13917 0.0170132 17
  278.46575 0.0170132 17
  281.04058 1 999
  282.04808 0.400756 400
  282.30558 0.0340265 34
  283.05512 0.243856 244
  288.82398 0.0170132 17
  294.32623 0.0170132 17
  305.80918 0.0170132 17
  305.93503 0.0170132 17
  306.88790 0.0170132 17
  317.52302 0.0170132 17
  341.95816 0.0170132 17
  347.94873 0.160681 161
  370.89320 0.0170132 17
  371.64067 0.0170132 17
  386.26848 0.0170132 17
  386.97897 0.270321 270
  391.16591 0.0170132 17
  406.66133 0.0170132 17
  406.73704 0.0170132 17
  415.02844 0.0680529 68
  417.00655 0.192817 193
  420.00497 0.10775 108
  421.09563 0.0170132 17
  430.70250 0.0170132 17
  440.83802 0.0170132 17
  455.71450 0.0170132 17
  463.57531 0.0170132 17
  464.76158 0.0170132 17
  482.68251 0.0170132 17
  492.61687 0.0189036 19
  493.88142 0.0170132 17
  496.55480 0.0170132 17
  505.10679 0.10775 108
  521.91153 0.304348 304
  522.34759 0.094518 94
  551.03833 0.0170132 17
  561.23425 0.0170132 17
  565.55229 0.0170132 17
  576.21513 0.0170132 17
  590.49213 0.0170132 17
  598.33687 0.0170132 17
  602.86038 0.0170132 17
  604.65917 0.0170132 17
  654.65952 0.0170132 17
  687.11458 0.0170132 17
  706.42142 0.0170132 17
  729.35459 0.0170132 17
  761.41680 0.0170132 17
  763.93963 0.0170132 17
  795.68585 0.0170132 17
  798.47694 0.0170132 17
  822.73942 0.0170132 17
  825.70337 0.0170132 17
  830.07817 0.0170132 17
  832.10745 0.0170132 17
  853.09384 0.0170132 17
  855.26998 0.0170132 17
  876.09086 0.0170132 17
  892.01567 0.0170132 17
  963.91705 0.0170132 17
  1009.37321 0.0170132 17
  1040.86461 0.0170132 17
  1042.48016 0.0170132 17
  1052.82903 0.0170132 17
  1075.85445 0.0170132 17
  1151.85482 0.0170132 17
  1173.16669 0.0170132 17
  1179.23949 0.0170132 17
  1223.50083 0.0170132 17
  1250.36937 0.0170132 17
  1264.12440 0.0170132 17
  1283.93379 0.0170132 17
  1293.52491 0.0170132 17
  1304.39431 0.0170132 17
  1324.76605 0.0170132 17
  1333.13714 0.0170132 17
  1351.38412 0.0170132 17
  1363.94888 0.0170132 17
  1411.94315 0.0170132 17
  1425.44712 0.0170132 17
  1471.42849 0.0170132 17
  1517.45703 0.0170132 17
  1523.70384 0.0170132 17
  1542.29793 0.0170132 17
  1563.94798 0.0170132 17
  1568.00867 0.0170132 17
  1570.51209 0.0170132 17
  1571.77695 0.0170132 17
  1590.16215 0.0170132 17
  1590.66120 0.0170132 17
  1594.15678 0.0170132 17
  1606.51557 0.0170132 17
  1623.64592 0.0170132 17
  1643.31387 0.0170132 17
  1678.74024 0.0170132 17
  1717.25937 0.0170132 17
  1721.35856 0.0170132 17
  1735.11864 0.0170132 17
  1751.39404 0.0170132 17
//