ACCESSION: MycoMSB-HZI-000961
RECORD_TITLE: Trichothecolone acetate; timsTOF; MS2; CE:32.06976744186046; [M+H]+
DATE: 2026.06.26
AUTHORS: Charrià-Girón E, Surup F
LICENSE: CC BY
COPYRIGHT: Helmholtz Centre for Infection Research (HZI)
SP$SCIENTIFIC_NAME: Microcyclospora tardicrescens
PUBLICATION: doi:10.1021/jf500153d
COMMENT: Converted from Bruker MetaboScape .library export
CH$NAME: Trichothecolone acetate
CH$FORMULA: C17H22O5
CH$EXACT_MASS: 306.1467
CH$SMILES: CC1=C[C@@H]2[C@](CC1=O)([C@]3([C@@H](C[C@H]([C@@]34CO4)O2)OC(=O)C)C)C
CH$IUPAC: InChI=1S/C17H22O5/c1-9-5-12-15(3,7-11(9)19)16(4)13(21-10(2)18)6-14(22-12)17(16)8-20-17/h5,12-14H,6-8H2,1-4H3/t12-,13-,14-,15+,16-,17+/m1/s1
CH$LINK: INCHIKEY UGISZOXYFHGCSR-IKIFYQGPSA-N
AC$INSTRUMENT: timsTOF Pro, Bruker Daltonics
AC$INSTRUMENT_TYPE: timsTOF
AC$MASS_SPECTROMETRY: MS_TYPE MS2
AC$MASS_SPECTROMETRY: ION_MODE POSITIVE
AC$MASS_SPECTROMETRY: COLLISION_ENERGY 32.06976744186046
AC$MASS_SPECTROMETRY: CCS 146.16806030273438
MS$FOCUSED_ION: BASE_PEAK 307.15400
MS$FOCUSED_ION: PRECURSOR_M/Z 307.15400
MS$FOCUSED_ION: PRECURSOR_TYPE [M+H]+
MS$DATA_PROCESSING: Converted with library_to_massbank.py
PK$SPLASH: splash10-052r-0921100000-386d27de8786163e3752
PK$NUM_PEAK: 198
PK$PEAK: m/z int. rel.int.
  102.91506 0.0267062 27
  103.18024 0.0267062 27
  104.34658 0.0267062 27
  110.59222 0.0296736 30
  112.89386 0.0267062 27
  119.01091 0.0267062 27
  119.05016 0.4273 427
  123.08082 0.329377 329
  131.08543 0.373887 374
  132.98885 0.0267062 27
  134.32705 0.0267062 27
  139.07459 0.326409 326
  139.84303 0.0296736 30
  144.09227 0.255193 255
  144.37782 0.0267062 27
  147.05905 0.0267062 27
  149.05752 0.278932 279
  149.09954 0.296736 296
  149.17595 0.0267062 27
  157.41784 0.0267062 27
  158.10945 0.20178 202
  158.33768 0.0267062 27
  159.11413 0.37092 371
  161.09731 0.335312 335
  163.07480 0.0296736 30
  168.29139 0.0267062 27
  172.10122 0.0267062 27
  174.77301 0.0267062 27
  177.83856 0.0267062 27
  180.33372 0.0267062 27
  186.10527 0.267062 267
  187.11169 1 999
  189.13483 0.0267062 27
  189.40382 0.0267062 27
  189.65147 0.0267062 27
  201.12704 0.326409 326
  205.11972 0.37092 371
  206.16950 0.0267062 27
  209.46167 0.0267062 27
  210.89487 0.0267062 27
  213.96807 0.0267062 27
  220.90592 0.0267062 27
  226.36784 0.0267062 27
  231.59642 0.0267062 27
  231.74880 0.0267062 27
  236.00679 0.0267062 27
  239.17975 0.0267062 27
  240.16050 0.249258 249
  247.99248 0.0267062 27
  256.42332 0.0267062 27
  261.78124 0.0267062 27
  263.90130 0.0267062 27
  265.74423 0.0267062 27
  271.50737 0.0267062 27
  275.44957 0.0267062 27
  287.19211 0.0267062 27
  303.89509 0.0267062 27
  305.23816 0.0267062 27
  310.21291 0.0296736 30
  311.18068 0.0267062 27
  316.61243 0.0267062 27
  322.15856 0.0267062 27
  332.53900 0.0267062 27
  334.81342 0.0267062 27
  336.31488 0.0267062 27
  339.39703 0.0267062 27
  372.10135 0.0267062 27
  381.69725 0.0267062 27
  382.88390 0.0267062 27
  396.12088 0.0267062 27
  400.19091 0.0267062 27
  409.55747 0.0267062 27
  412.09384 0.0267062 27
  420.16024 0.0267062 27
  433.87788 0.0267062 27
  442.19319 0.0267062 27
  454.59399 0.0267062 27
  456.57050 0.0267062 27
  471.15065 0.0267062 27
  482.58658 0.0296736 30
  483.63176 0.0267062 27
  497.39174 0.0267062 27
  506.50330 0.0267062 27
  507.50357 0.0267062 27
  523.16617 0.0267062 27
  530.78218 0.0267062 27
  531.74481 0.0267062 27
  532.25352 0.0267062 27
  536.06029 0.0267062 27
  540.68778 0.0267062 27
  552.55125 0.0267062 27
  566.34000 0.0267062 27
  567.49084 0.0267062 27
  569.08680 0.0267062 27
  570.04247 0.0267062 27
  574.18796 0.0267062 27
  607.95426 0.0267062 27
  617.26143 0.0267062 27
  618.12837 0.0267062 27
  618.86360 0.0267062 27
  644.82841 0.0267062 27
  645.22568 0.0267062 27
  646.99103 0.0267062 27
  650.92799 0.0267062 27
  653.46863 0.0267062 27
  654.02855 0.0267062 27
  673.64703 0.0267062 27
  684.01084 0.0267062 27
  684.58779 0.0267062 27
  688.17769 0.0267062 27
  709.89760 0.0267062 27
  713.45290 0.0267062 27
  727.77980 0.0267062 27
  752.03166 0.0267062 27
  754.60761 0.0267062 27
  755.46723 0.0267062 27
  767.58809 0.0267062 27
  784.31979 0.0267062 27
  800.18729 0.0267062 27
  809.98706 0.0267062 27
  819.54194 0.0267062 27
  819.68972 0.0267062 27
  839.76238 0.0267062 27
  907.03932 0.0267062 27
  914.97103 0.0267062 27
  930.53719 0.0267062 27
  948.06397 0.0267062 27
  951.99817 0.0267062 27
  986.02814 0.0267062 27
  995.83184 0.0267062 27
  997.55037 0.0267062 27
  998.24215 0.0267062 27
  1002.95263 0.0267062 27
  1005.49058 0.0267062 27
  1006.99900 0.0267062 27
  1011.29228 0.0267062 27
  1022.88571 0.0267062 27
  1049.61283 0.0267062 27
  1051.51916 0.0267062 27
  1054.44285 0.0267062 27
  1062.60589 0.0267062 27
  1068.39089 0.0267062 27
  1102.48005 0.0267062 27
  1102.64626 0.0267062 27
  1102.91637 0.0267062 27
  1109.72163 0.0267062 27
  1121.25690 0.0267062 27
  1178.85553 0.0267062 27
  1179.09722 0.0267062 27
  1194.20075 0.0267062 27
  1221.93874 0.0267062 27
  1279.23700 0.0296736 30
  1279.97560 0.0267062 27
  1305.12424 0.0267062 27
  1308.81124 0.0267062 27
  1310.07348 0.0267062 27
  1312.11813 0.0267062 27
  1313.50101 0.0267062 27
  1339.73089 0.0267062 27
  1340.57838 0.0267062 27
  1344.49862 0.0267062 27
  1353.66811 0.0267062 27
  1355.79255 0.0267062 27
  1362.61468 0.0267062 27
  1376.85584 0.0267062 27
  1381.66004 0.0267062 27
  1385.06347 0.0267062 27
  1390.35435 0.0267062 27
  1391.47442 0.0267062 27
  1393.94950 0.0267062 27
  1404.22349 0.0267062 27
  1404.95042 0.0267062 27
  1405.70099 0.0267062 27
  1407.81304 0.0267062 27
  1413.02956 0.0267062 27
  1423.72760 0.0267062 27
  1430.44028 0.0267062 27
  1455.58636 0.0267062 27
  1470.43008 0.0267062 27
  1481.12012 0.0267062 27
  1481.40307 0.0267062 27
  1487.45983 0.0267062 27
  1492.77341 0.0267062 27
  1501.08274 0.0267062 27
  1520.43534 0.0267062 27
  1524.34215 0.0267062 27
  1528.13094 0.0267062 27
  1535.77778 0.0267062 27
  1539.12660 0.0267062 27
  1551.38133 0.0267062 27
  1578.93169 0.0267062 27
  1605.37676 0.0267062 27
  1643.19491 0.0267062 27
  1657.40982 0.0267062 27
  1738.16950 0.0267062 27
  1756.79218 0.0267062 27
  1771.48262 0.0267062 27
  1793.46073 0.0267062 27
//