ACCESSION: MycoMSB-HZI-000343
RECORD_TITLE: Favolon; timsTOF; MS2; CE:40.27906976744186; [M+H]+
DATE: 2026.06.26
AUTHORS: Charrià-Girón E, Surup F
LICENSE: CC BY
COPYRIGHT: Helmholtz Centre for Infection Research (HZI)
SP$SCIENTIFIC_NAME: Favolaschia sp. 87129
PUBLICATION: doi:10.7164/antibiotics.48.725
COMMENT: Converted from Bruker MetaboScape .library export
CH$NAME: Favolon
CH$FORMULA: C33H50O9
CH$EXACT_MASS: 590.3455
CH$SMILES: C
CH$IUPAC: InChI=1S/C33H50O9/c1-15(2)16(3)23(34)24(35)17(4)19-9-10-20-22-25(36)27-32(42-27)13-18(40-28(38)26(37)29(5,6)39)11-12-31(32,8)33(22)21(41-33)14-30(19,20)7/h15-23,26-27,34,37,39H,9-14H2,1-8H3/t16-,17+,18+,19+,20+,21-,22+,23+,26+,27+,30-,31+,32+,33-/m1/s1
CH$LINK: INCHIKEY N/A
AC$INSTRUMENT: timsTOF Pro, Bruker Daltonics
AC$INSTRUMENT_TYPE: timsTOF
AC$MASS_SPECTROMETRY: MS_TYPE MS2
AC$MASS_SPECTROMETRY: ION_MODE POSITIVE
AC$MASS_SPECTROMETRY: COLLISION_ENERGY 40.27906976744186
AC$MASS_SPECTROMETRY: CCS 259.7278747558594
MS$FOCUSED_ION: BASE_PEAK 591.35276
MS$FOCUSED_ION: PRECURSOR_M/Z 591.35276
MS$FOCUSED_ION: PRECURSOR_TYPE [M+H]+
MS$DATA_PROCESSING: Converted with library_to_massbank.py
PK$SPLASH: splash10-0m19-0391000000-b62e1291f31a4126bce6
PK$NUM_PEAK: 401
PK$PEAK: m/z int. rel.int.
  115.05340 0.0960912 96
  117.07054 0.20684 207
  117.07562 0.110749 111
  117.08916 0.00732899 7
  118.07464 0.105049 105
  119.05060 0.122964 123
  119.08579 0.149837 150
  121.10061 0.167752 168
  123.08229 0.190554 190
  123.11779 0.0814332 81
  124.08470 0.0814332 81
  127.05397 0.180782 181
  128.05985 0.170195 170
  129.07017 0.0887622 89
  130.20646 0.00732899 7
  132.25461 0.0179153 18
  133.10214 0.342834 342
  134.10492 0.102606 103
  135.07939 0.217427 217
  135.11579 0.11645 116
  139.07361 0.0627036 63
  141.12790 0.191368 191
  144.09513 0.109935 110
  145.10117 0.381107 381
  146.10560 0.223127 223
  147.06958 0.0610749 61
  147.08096 0.0415309 41
  147.11511 0.15228 152
  149.06625 0.0537459 54
  149.76415 0.0154723 15
  152.07974 0.0887622 89
  155.08605 0.102606 103
  157.10517 0.332248 332
  159.07953 0.279316 279
  159.11741 0.187296 187
  160.12135 0.153909 154
  160.68795 0.0203583 20
  161.09867 0.0211726 21
  161.13242 0.178339 178
  162.11082 0.0651466 65
  163.06821 0.0635179 63
  163.07620 0.0773616 77
  163.11535 0.120521 120
  165.05374 0.100163 100
  165.06780 0.0675896 68
  165.12810 0.0602606 60
  167.07756 0.0700326 70
  167.14429 0.0912052 91
  169.06287 0.110749 111
  169.09745 0.0952769 95
  170.10174 0.0822476 82
  171.08241 0.0846906 85
  171.09059 0.0985342 98
  171.11515 0.186482 186
  171.12129 0.0578176 58
  173.06455 0.0602606 60
  173.09925 0.159609 159
  173.13445 0.436482 436
  173.70924 0.019544 20
  174.13626 0.101792 102
  175.07355 0.441368 441
  175.11154 0.284202 284
  175.14918 0.0765472 76
  175.15539 0.0675896 68
  175.31483 0.0179153 18
  177.12552 0.0895765 89
  178.79908 0.021987 22
  179.08574 0.0211726 21
  181.09950 0.254886 255
  182.07057 0.0912052 91
  183.08299 0.0635179 63
  183.11547 0.352606 352
  184.08123 0.166938 167
  184.08872 0.185668 185
  184.13005 0.0635179 63
  185.09246 0.283388 283
  185.13070 0.338762 338
  187.10789 0.254072 254
  187.11279 0.254072 254
  188.11423 0.105863 106
  189.08951 0.0846906 85
  189.12608 0.114821 115
  191.07143 0.0789902 79
  191.10602 0.0732899 73
  191.98714 0.00732899 7
  192.09336 0.0537459 54
  193.10000 0.419381 419
  194.10799 0.233713 233
  194.11706 0.0537459 54
  195.11640 0.316775 316
  196.12289 0.0773616 77
  197.09631 0.315961 316
  197.13181 0.446254 446
  198.10821 0.101792 102
  199.11123 0.181596 181
  199.14876 0.0822476 82
  200.11595 0.171824 172
  201.08915 0.284202 284
  201.12647 0.166124 166
  201.13376 0.0855049 85
  201.16260 0.00732899 7
  202.13329 0.104235 104
  203.07065 0.0447883 45
  203.10700 0.416938 417
  204.10850 0.112378 112
  205.09898 0.185668 185
  205.12434 0.164495 164
  205.16243 0.0301303 30
  206.12124 0.156352 156
  207.11633 0.434853 434
  207.25817 0.0407166 41
  209.09552 0.370521 370
  209.11340 0.0724756 72
  209.13012 0.352606 352
  209.15186 0.0724756 72
  211.11155 0.617264 617
  211.14688 0.2443 244
  211.15363 0.21987 220
  212.11543 0.335505 335
  212.12099 0.335505 335
  212.16458 0.00732899 7
  213.12755 0.442182 442
  214.09195 0.106678 107
  214.36440 0.00814332 8
  215.06808 0.0456026 46
  215.10736 0.218241 218
  215.14149 0.187296 187
  217.08460 0.0944625 94
  217.10304 0.0407166 41
  217.12238 0.137622 137
  218.10910 0.321661 321
  218.11603 0.224756 225
  219.11980 0.0944625 94
  219.17538 0.0724756 72
  220.12356 0.0521173 52
  221.13266 0.459283 459
  221.18776 0.0561889 56
  221.67657 0.0309446 31
  222.09883 0.153909 154
  222.13562 0.105863 106
  222.36415 0.00732899 7
  223.11286 0.23127 231
  223.14797 0.171824 172
  224.15917 0.140065 140
  225.08990 0.0838762 84
  225.12581 0.619707 619
  225.16162 0.289902 290
  225.17204 0.0724756 72
  226.10016 0.0390879 39
  226.16602 0.0415309 41
  227.14290 0.311889 312
  228.10385 0.0700326 70
  228.11094 0.0537459 54
  228.14874 0.0545603 55
  228.18418 0.0830619 83
  229.12511 0.18241 182
  229.16110 0.178339 178
  229.17294 0.0578176 58
  230.12587 0.0659609 66
  230.38935 0.02443 24
  231.10218 0.0789902 79
  231.13547 0.0684039 68
  232.12107 0.0325733 33
  232.14252 0.0496743 50
  233.11464 0.294788 294
  233.12035 0.294788 294
  233.15175 0.0456026 46
  233.18997 0.0936482 94
  234.10573 0.0635179 63
  234.12122 0.179153 179
  234.13206 0.0447883 45
  235.11442 0.155537 155
  235.14791 0.472313 472
  236.15893 0.0561889 56
  237.12626 0.125407 125
  237.16053 0.153094 153
  238.17281 0.0708469 71
  239.11039 0.0855049 85
  239.14407 0.721498 721
  239.15635 0.0830619 83
  239.17328 0.0203583 20
  239.18296 0.0692182 69
  239.22167 0.0211726 21
  240.18555 0.0765472 76
  241.01778 0.019544 20
  241.12170 0.352606 352
  241.15379 0.0814332 81
  241.19266 0.0643322 64
  242.16293 0.102606 103
  243.13849 0.298046 298
  243.20833 0.0236156 24
  244.13865 0.0838762 84
  246.13221 0.0480456 48
  246.14939 0.0985342 98
  247.10498 0.0773616 77
  247.14678 0.0773616 77
  248.15358 0.0586319 59
  249.12536 0.223941 224
  249.16244 0.0741042 74
  250.13597 0.241042 241
  251.13497 0.350163 350
  251.14244 0.459283 459
  251.17884 0.0350163 35
  252.15055 0.15228 152
  252.16649 0.0504886 50
  252.18388 0.0586319 59
  253.12470 0.209283 209
  253.15650 0.931596 931
  253.16852 0.0456026 46
  253.19349 0.220684 220
  254.11768 0.0952769 95
  254.15259 0.0659609 66
  254.18252 0.0863192 86
  254.19965 0.344463 344
  255.09860 0.0627036 63
  255.13535 0.20684 207
  255.17355 0.173453 173
  256.12896 0.0789902 79
  257.11411 0.223127 223
  257.15388 0.0798046 80
  257.18706 0.162866 163
  257.22914 0.0692182 69
  258.12053 0.0789902 79
  259.12424 0.0643322 64
  259.13683 0.0708469 71
  259.86506 0.026873 27
  260.11476 0.0741042 74
  261.12486 0.0521173 52
  261.13497 0.0928339 93
  261.16059 0.267101 267
  261.17036 0.0447883 45
  262.13439 0.0936482 94
  263.14116 0.406352 406
  263.15094 0.00895765 9
  263.17612 0.522801 522
  264.11353 0.0472313 47
  264.18472 0.118078 118
  265.12203 0.191368 191
  265.14665 0.185668 185
  265.15886 0.53013 530
  265.17976 0.0985342 98
  265.19250 0.0382736 38
  265.53904 0.0179153 18
  266.16288 0.201954 202
  266.19964 0.00732899 7
  267.13559 0.300489 300
  267.14147 0.300489 300
  267.17636 0.155537 155
  267.20870 0.0350163 35
  268.13937 0.125407 125
  268.14793 0.0708469 71
  268.17611 0.00814332 8
  269.15297 0.252443 252
  269.16067 0.0724756 72
  271.13005 0.238599 238
  271.16869 0.0464169 46
  271.17899 0.0211726 21
  272.14066 0.0732899 73
  272.21033 0.0667752 67
  273.15831 0.0798046 80
  275.12148 0.114821 115
  275.13964 0.0887622 89
  275.17597 0.0871336 87
  277.15678 0.0358306 36
  278.12376 0.0838762 84
  278.15767 0.0789902 79
  279.13977 0.245114 245
  279.17265 0.381922 382
  280.13869 0.0855049 85
  280.17535 0.0586319 59
  281.15289 0.242671 242
  281.18937 1 999
  281.23413 0.0374593 37
  281.29972 0.0529316 53
  281.32595 0.036645 37
  282.15564 0.0773616 77
  282.66798 0.0439739 44
  283.16748 0.334691 334
  283.20500 0.0969055 97
  285.18275 0.0846906 85
  286.23242 0.0309446 31
  289.15561 0.28013 280
  289.19347 0.0586319 59
  290.16705 0.179967 180
  291.17346 0.246743 246
  292.17510 0.0472313 47
  293.15361 0.153094 153
  293.19159 0.192182 192
  294.05510 0.034202 34
  294.16509 0.0561889 56
  294.19460 0.105863 106
  295.19890 0.147394 147
  296.17798 0.0382736 38
  296.20760 0.0773616 77
  297.15330 0.0667752 67
  297.16409 0.0838762 84
  297.17806 0.192182 192
  298.14935 0.114007 114
  299.16095 0.169381 169
  299.19904 0.29316 293
  299.20651 0.280945 281
  300.20810 0.0855049 85
  303.11783 0.0969055 97
  303.17230 0.143322 143
  304.17542 0.113192 113
  305.19113 0.14658 146
  305.19933 0.0708469 71
  307.16801 0.339577 339
  309.18478 0.953583 953
  309.19664 0.0732899 73
  309.21864 0.0741042 74
  310.18763 0.212541 212
  310.19590 0.0537459 54
  311.16572 0.17101 171
  311.19952 0.115635 116
  312.20201 0.0187296 19
  313.21995 0.0887622 89
  315.17471 0.0798046 80
  315.19415 0.100977 101
  315.21914 0.0374593 37
  320.20715 0.0765472 76
  321.18759 0.0610749 61
  323.20076 0.0741042 74
  325.17790 0.111564 111
  327.19458 0.486971 486
  327.24031 0.0741042 74
  328.19460 0.0553746 55
  328.61414 0.0179153 18
  329.20137 0.0513029 51
  334.26406 0.0855049 85
  335.20562 0.0952769 95
  336.24316 0.0602606 60
  337.24495 0.0333876 33
  339.19251 0.0553746 55
  340.20157 0.0667752 67
  341.20735 0.154723 155
  341.23235 0.0781759 78
  346.21172 0.0830619 83
  349.25699 0.0667752 67
  357.20340 0.0806189 81
  357.25662 0.0529316 53
  363.23305 0.111564 111
  364.22050 0.0659609 66
  365.28266 0.123779 124
  366.25033 0.0846906 85
  367.22389 0.0228013 23
  374.24142 0.0627036 63
  375.26559 0.224756 225
  379.26632 0.0561889 56
  389.23146 0.0732899 73
  391.26165 0.0684039 68
  391.36376 0.00814332 8
  393.27877 0.100977 101
  394.29044 0.0781759 78
  395.25391 0.0781759 78
  397.24672 0.0944625 94
  399.22267 0.0765472 76
  399.25705 0.026873 27
  403.24697 0.171824 172
  403.27408 0.0846906 85
  405.18938 0.0879479 88
  407.24809 0.0578176 58
  411.28599 0.029316 29
  412.19059 0.0700326 70
  412.30492 0.0456026 46
  413.29768 0.10342 103
  414.36251 0.00732899 7
  415.20355 0.0977199 98
  415.24817 0.0838762 84
  416.28477 0.0651466 65
  417.23000 0.0594463 59
  421.27201 0.179967 180
  422.28395 0.0260586 26
  426.80261 0.00732899 7
  431.97256 0.00732899 7
  439.28161 0.300489 300
  440.29280 0.0610749 61
  443.24520 0.0447883 45
  449.63722 0.00732899 7
  457.29178 0.0570033 57
  457.30516 0.151466 151
  457.32858 0.00732899 7
  458.29768 0.12215 122
  461.26758 0.0675896 68
  530.31050 0.118893 119
  573.34272 0.260586 260
  574.34271 0.0602606 60
  592.35967 0.0895765 89
  621.81082 0.00732899 7
  622.54435 0.00732899 7
  638.44353 0.00732899 7
  658.90455 0.00732899 7
  665.94192 0.00732899 7
  708.16840 0.00732899 7
  712.40398 0.00732899 7
  808.55079 0.00732899 7
  1045.55269 0.00732899 7
  1237.94369 0.00732899 7
  1522.21381 0.00732899 7
  1553.83722 0.00814332 8
  1673.92349 0.00732899 7
//