ACCESSION: MycoMSB-HZI-003238
RECORD_TITLE: Xanthoquinodin A11; timsTOF; MS2; CE:38.674418604651166; [M+H]+
DATE: 2026.06.26
AUTHORS: Charrià-Girón E, Surup F
LICENSE: CC BY
COPYRIGHT: Helmholtz Centre for Infection Research (HZI)
PUBLICATION: doi:10.3390/jof6040188
COMMENT: Converted from Bruker MetaboScape .library export
CH$NAME: Xanthoquinodin A11
CH$FORMULA: C35H32O12
CH$EXACT_MASS: 644.1894
CH$SMILES: C
CH$IUPAC: InChI=1S/C35H33O12/c1-4-5-22(39)46-32-17-10-14(2)11-19(37)24(17)30(42)27-28(40)16-8-9-34(27,32)13-15-12-20-25(29(41)23(15)16)31(43)26-18(36)6-7-21(38)35(26,47-20)33(44)45-3/h8-12,16,21,28,32,36-38,40-41H,4-7,13H2,1-3H3/t16-,21-,28?,32-,34-,35+/m0/s1
CH$LINK: INCHIKEY NNDQQXKLLBQGJV-PFPMWLNGSA-N
SP$SCIENTIFIC_NAME: Jugulospora vestita
AC$INSTRUMENT: timsTOF Pro, Bruker Daltonics
AC$INSTRUMENT_TYPE: TIMS-TOF
AC$MASS_SPECTROMETRY: MS_TYPE MS2
AC$MASS_SPECTROMETRY: ION_MODE POSITIVE
AC$MASS_SPECTROMETRY: COLLISION_ENERGY 38.674418604651166
AC$MASS_SPECTROMETRY: CCS 248.7482452392578
MS$FOCUSED_ION: BASE_PEAK 645.19665
MS$FOCUSED_ION: PRECURSOR_M/Z 645.19665
MS$FOCUSED_ION: PRECURSOR_TYPE [M+H]+
MS$DATA_PROCESSING: Converted with library_to_massbank.py
PK$SPLASH: splash10-000i-0001390000-1442987328f32084077b
PK$NUM_PEAK: 73
PK$PEAK: m/z int. rel.int.
  109.02995 0.00560578 6
  137.02300 0.0189356 19
  169.04841 0.0410939 41
  179.03304 0.0184817 18
  197.04334 0.0141544 14
  239.06815 0.00618073 6
  239.07359 0.00618073 6
  260.06787 0.0286039 29
  319.08043 0.0188145 19
  332.09978 0.00791315 8
  333.11085 0.0349586 35
  334.11405 0.00746681 7
  342.08818 0.00502326 5
  343.09412 0.010508 10
  344.10408 0.0058403 6
  359.09067 0.0114763 11
  360.09837 0.0430609 43
  361.10538 0.0328782 33
  369.07357 0.00638499 6
  385.06661 0.00612021 6
  387.08480 0.00864697 9
  423.12045 0.00680864 7
  425.10155 0.00530317 5
  426.10512 0.00540909 5
  437.09960 0.00612778 6
  451.11729 0.0696448 70
  452.11920 0.0245262 25
  461.09963 0.0376745 38
  462.10212 0.0131104 13
  463.11328 0.00656655 7
  465.09457 0.00735333 7
  469.12686 0.0961229 96
  470.13171 0.0221583 22
  479.11056 0.161561 161
  480.11503 0.0575633 58
  481.12258 0.0119 12
  485.12159 0.0154329 15
  486.12486 0.00640012 6
  489.09301 0.00626395 6
  493.12606 0.00671786 7
  497.12020 0.0823467 82
  498.12642 0.0304346 30
  499.12683 0.00519726 5
  503.13257 0.0253508 25
  504.13513 0.0102205 10
  507.10723 0.0153573 15
  508.10981 0.00862428 9
  511.13764 0.0563226 56
  512.13925 0.0194651 19
  521.12071 0.00969096 10
  522.12650 0.00588569 6
  525.11577 0.00849567 8
  529.14784 0.0343534 34
  530.15275 0.0122177 12
  539.13177 0.0530998 53
  540.13471 0.0229981 23
  557.14055 0.0433408 43
  558.14637 0.0159473 16
  567.16151 0.0246473 25
  568.16652 0.0125052 12
  585.17278 1 999
  585.20000 0.047426 47
  585.53657 0.00565874 6
  585.88784 0.00950183 9
  586.17614 0.358165 358
  586.20529 0.00774672 8
  587.17942 0.0452094 45
  595.15772 0.0208117 21
  596.16163 0.00891932 9
  627.18245 0.0106593 11
  628.18642 0.00554526 6
  645.19485 0.0509211 51
  646.19828 0.0193517 19
//