ACCESSION: MycoMSB-HZI-000812
RECORD_TITLE: Erinacine B; timsTOF; MS2; CE:34.6; [M+H]+
DATE: 2026.06.26
AUTHORS: Unknown
LICENSE: CC BY
COPYRIGHT: Helmholtz Centre for Infection Research (HZI)
SP$SCIENTIFIC_NAME: Hericium erinaceum
PUBLICATION: doi:10.1016/s0040-4039(00)76760-8
COMMENT: Converted from Bruker MetaboScape .library export
CH$NAME: Erinacine B
CH$COMPOUND_CLASS: Terpenoids
CH$FORMULA: C25H36O6
CH$EXACT_MASS: 432.2512
CH$SMILES: CC(C)C1=C2C3CC=C(C4C(C3(CCC2(CC1)C)C)OC5C(O4)C(C(CO5)O)O)C=O
CH$IUPAC: InChI=1S/C25H36O6/c1-13(2)15-7-8-24(3)9-10-25(4)16(18(15)24)6-5-14(11-26)20-22(25)31-23-21(30-20)19(28)17(27)12-29-23/h5,11,13,16-17,19-23,27-28H,6-10,12H2,1-4H3
CH$LINK: INCHIKEY BEECYWPPXWUPIT-UHFFFAOYSA-N
AC$INSTRUMENT: timsTOF Pro, Bruker Daltonics
AC$INSTRUMENT_TYPE: timsTOF
AC$MASS_SPECTROMETRY: MS_TYPE MS2
AC$MASS_SPECTROMETRY: ION_MODE POSITIVE
AC$MASS_SPECTROMETRY: COLLISION_ENERGY 34.55813953488372
AC$MASS_SPECTROMETRY: CCS 180.59169006347656
MS$FOCUSED_ION: BASE_PEAK 433.25847
MS$FOCUSED_ION: PRECURSOR_M/Z 433.25847
MS$FOCUSED_ION: PRECURSOR_TYPE [M+H]+
MS$DATA_PROCESSING: Converted with library_to_massbank.py
PK$SPLASH: splash10-0a5c-0970000000-64d6f7325d6c38d4bb50
PK$NUM_PEAK: 153
PK$PEAK: m/z int. rel.int.
  119.08612 0.220106 220
  121.06519 0.09876 99
  121.10140 0.196634 196
  121.92422 0.0088574 9
  129.07022 0.0978742 98
  130.07965 0.0943313 94
  131.08546 0.180248 180
  131.93918 0.0163862 16
  133.06272 0.0655447 65
  133.10062 0.186448 186
  135.07855 0.0354296 35
  135.11648 0.258636 258
  137.06009 0.0518158 52
  137.13335 0.0571302 57
  138.06362 0.034101 34
  138.72792 0.0155004 15
  141.06830 0.023915 24
  142.08078 0.0571302 57
  143.08555 0.13729 137
  145.06457 0.0602303 60
  145.09972 0.196191 196
  146.10567 0.124004 124
  147.07984 0.0496014 50
  147.11581 0.0620018 62
  149.06127 0.0292294 29
  149.09373 0.0571302 57
  149.13194 0.0664305 66
  151.14632 0.023915 24
  153.66634 0.05093 51
  155.08703 0.0642161 64
  156.09772 0.0527015 53
  157.06654 0.0380868 38
  157.09981 0.302037 302
  157.10728 0.138618 138
  158.10716 0.0186005 19
  159.11767 0.365368 365
  161.09808 0.061116 61
  161.13250 0.150576 150
  163.07655 0.0580159 58
  163.11250 0.0859167 86
  163.14677 0.153233 153
  164.15099 0.0571302 57
  164.42968 0.0110717 11
  165.09079 0.0819309 82
  166.07452 0.0398583 40
  167.08282 0.0899026 90
  171.11641 0.276794 277
  173.09789 0.142604 142
  173.13179 0.231621 231
  174.09939 0.0500443 50
  174.13448 0.0491585 49
  175.07493 0.0513729 51
  175.11219 0.0934455 93
  175.15021 0.466785 466
  176.15491 0.0119575 12
  177.09114 0.0690877 69
  177.16325 0.0801594 80
  183.11705 0.0301151 30
  184.12175 0.0522586 52
  185.09514 0.0429584 43
  185.13169 0.114703 115
  186.08177 0.00930027 9
  186.09884 0.0376439 38
  186.13564 0.11736 117
  186.14365 0.0314438 31
  187.11187 0.213463 213
  187.14880 0.137733 138
  189.12622 0.0562445 56
  189.16897 0.0992028 99
  190.16982 0.317981 318
  191.17862 0.612932 612
  192.18236 0.040744 41
  193.12680 0.0496014 50
  195.11671 0.154562 154
  197.13316 0.168733 169
  198.13906 0.0256864 26
  199.10859 0.143933 144
  199.12670 0.0252436 25
  199.14954 0.110275 110
  200.11680 0.0358725 36
  200.15885 0.040744 41
  200.40014 0.0274579 27
  201.09161 0.0434012 43
  201.16244 0.0420726 42
  202.16886 0.0358725 36
  203.10406 0.0394154 39
  203.14418 0.0398583 40
  203.17620 0.0832595 83
  204.17997 0.0420726 42
  206.20552 0.0518158 52
  207.11623 0.034101 34
  213.12693 0.0837024 84
  213.16354 0.0868025 87
  214.13296 0.0473871 47
  214.16958 0.0651019 65
  215.17956 0.284765 284
  216.14508 0.0292294 29
  216.18765 0.0806023 81
  217.11894 0.0460585 46
  217.15352 0.0420726 42
  217.19501 0.0243578 24
  219.14269 0.0420726 42
  223.14826 0.127547 127
  223.15527 0.0434012 43
  225.16229 0.0256864 26
  226.17271 0.0327724 33
  227.14264 0.294066 294
  227.15709 0.0500443 50
  227.17595 0.0513729 51
  229.19857 0.0279008 28
  231.13978 0.0473871 47
  231.17545 0.0411869 41
  232.14443 0.0615589 61
  236.14637 0.0225864 23
  237.16425 0.0451727 45
  238.16741 0.0708592 71
  239.17753 0.0420726 42
  240.15003 0.0983171 98
  241.15588 0.195748 196
  242.16229 0.0451727 45
  243.17108 0.0358725 36
  243.21011 0.0398583 40
  244.21619 0.0642161 64
  245.22434 0.0394154 39
  246.22721 0.0420726 42
  246.29840 0.0150576 15
  253.19009 0.034101 34
  254.19913 0.0535872 54
  255.18268 0.030558 31
  255.21047 1 999
  255.23172 0.078388 78
  256.21306 0.185562 185
  256.21986 0.211692 211
  257.19383 0.0690877 69
  257.21067 0.0438441 44
  258.16394 0.0797166 80
  258.19126 0.0832595 83
  265.19436 0.148361 148
  266.19982 0.0717449 72
  271.19844 0.0345438 35
  272.20720 0.0921169 92
  273.21747 0.233392 233
  273.22337 0.233392 233
  283.07728 0.0159433 16
  283.19598 0.554916 554
  283.20426 0.826838 826
  283.21941 0.0124004 12
  284.20555 0.122675 123
  301.21608 0.478742 478
  302.21803 0.030558 31
  303.22501 0.0354296 35
  304.34280 0.0128432 13
  414.28520 0.034101 34
//