ACCESSION: MycoMSB-HZI-000475
RECORD_TITLE: Cochliodone A; timsTOF; MS2; CE:38.7; [M+H-H2O]+
DATE: 2026.06.26
AUTHORS: Unknown
LICENSE: CC BY
COPYRIGHT: Helmholtz Centre for Infection Research (HZI)
SP$SCIENTIFIC_NAME: Chaetomium cochliodes VTh01
PUBLICATION: doi:10.1016/j.tet.2008.07.040
COMMENT: Converted from Bruker MetaboScape .library export
CH$NAME: Cochliodone A
CH$COMPOUND_CLASS: Polyketides
CH$FORMULA: C34H38O12
CH$EXACT_MASS: 638.2363
CH$SMILES: CC1(CCCC2(CC=3C(=CO2)C(C(C)(C(C3C4=C5CC6(CCCC(C)(O6)[H])OC=C5C(C(C)(C4=O)OC(C)=O)=O)=O)OC(C)=O)=O)O1)[H]
CH$IUPAC: InChI=1S/C34H38O12/c1-17-9-7-11-33(43-17)13-21-23(15-41-33)27(37)31(5,45-19(3)35)29(39)25(21)26-22-14-34(12-8-10-18(2)44-34)42-16-24(22)28(38)32(6,30(26)40)46-20(4)36/h15-18H,7-14H2,1-6H3
CH$LINK: INCHIKEY XDRDZGUQBNNXLG-SQNVWISRSA-N
AC$INSTRUMENT: timsTOF Pro, Bruker Daltonics
AC$INSTRUMENT_TYPE: timsTOF
AC$MASS_SPECTROMETRY: MS_TYPE MS2
AC$MASS_SPECTROMETRY: ION_MODE POSITIVE
AC$MASS_SPECTROMETRY: COLLISION_ENERGY 38.674418604651166
AC$MASS_SPECTROMETRY: CCS 239.4100341796875
MS$FOCUSED_ION: BASE_PEAK 621.23304
MS$FOCUSED_ION: PRECURSOR_M/Z 621.23304
MS$FOCUSED_ION: PRECURSOR_TYPE [M+H-H2O]+
MS$DATA_PROCESSING: Converted with library_to_massbank.py
PK$SPLASH: splash10-1074-0003920000-a89065b09d392a8793ba
PK$NUM_PEAK: 217
PK$PEAK: m/z int. rel.int.
  118.61653 0.00564617 6
  125.43772 0.00564617 6
  173.05832 0.053325 53
  174.99802 0.00564617 6
  200.08335 0.0715182 71
  201.47306 0.00564617 6
  213.08807 0.0671267 67
  220.95476 0.00564617 6
  227.75858 0.00564617 6
  231.95137 0.00564617 6
  233.59329 0.00564617 6
  241.08275 0.0972396 97
  243.09795 0.055207 55
  243.86191 0.04266 43
  245.07255 0.0501882 50
  247.44868 0.00627353 6
  255.09537 0.0526976 53
  259.91472 0.00564617 6
  277.08552 0.0577164 58
  277.10635 0.0677541 68
  283.09607 0.033877 34
  291.50593 0.00564617 6
  298.45864 0.00564617 6
  309.11283 0.0608532 61
  310.11745 0.0577164 58
  317.07566 0.0595985 60
  330.15698 0.0457967 46
  333.14520 0.0821832 82
  334.49702 0.00627353 6
  341.06311 0.00564617 6
  345.15427 0.0589711 59
  347.12740 0.0583438 58
  359.16724 0.0332497 33
  360.13134 0.131744 132
  360.61536 0.0188206 19
  361.10586 0.236512 236
  361.14429 0.22522 225
  361.23347 0.0125471 13
  362.14378 0.0495609 50
  362.16462 0.0181932 18
  363.08015 0.0922208 92
  365.10146 0.0922208 92
  371.13203 0.0345044 34
  371.16216 0.0740276 74
  372.16334 0.0181932 18
  373.14169 0.0395232 39
  373.17795 0.0664994 66
  375.11865 0.152447 152
  375.16285 0.06399 64
  376.12389 0.0677541 68
  376.13713 0.0897114 90
  377.13477 0.0194479 19
  377.89763 0.00564617 6
  379.11492 0.0363864 36
  383.17037 0.0564617 56
  384.13854 0.0614806 61
  384.17840 0.0545797 55
  385.11102 0.033877 34
  385.17241 0.0489335 49
  386.07242 0.0313676 31
  386.11545 0.0608532 61
  387.12735 0.0495609 50
  389.10268 0.206399 206
  389.13905 0.5734 573
  390.10511 0.129235 129
  390.19262 0.0207026 21
  390.71807 0.0225847 23
  391.11085 0.0351317 35
  395.16448 0.0476788 48
  397.14147 0.0514429 51
  399.12964 0.06399 64
  401.17339 0.166248 166
  402.17295 0.0608532 61
  402.93559 0.0163112 16
  403.11405 0.198871 199
  403.15405 0.171895 172
  403.18682 0.0326223 33
  404.11706 0.0734003 73
  404.56370 0.00564617 6
  404.67697 0.0194479 19
  405.13652 0.0696361 70
  407.11271 0.652447 652
  408.11173 0.101631 102
  408.12248 0.0734003 73
  409.13228 0.04266 43
  410.13587 0.0815558 81
  412.16896 0.0646173 65
  413.17363 0.231493 231
  414.17525 0.0376412 38
  415.15313 0.0959849 96
  417.12910 0.119824 120
  417.17030 0.176913 177
  418.13846 0.033877 34
  418.17364 0.0614806 61
  419.16584 0.0401506 40
  420.14638 0.0570891 57
  423.12062 0.0420326 42
  427.14893 0.031995 32
  428.17436 0.0696361 70
  429.12973 0.02133 21
  429.17186 0.0614806 61
  430.18242 0.117315 117
  431.11187 0.0483061 48
  431.14760 0.053325 53
  431.18221 0.150565 150
  432.18944 0.0884567 88
  437.14784 0.00878294 9
  439.15166 0.0627353 63
  439.19565 0.125471 125
  440.14999 0.128607 128
  441.15679 0.0671267 67
  441.17040 0.18256 182
  442.13311 0.0734003 73
  442.17916 0.0608532 61
  442.38311 0.0288582 29
  442.82408 0.0257215 26
  443.14343 0.0125471 13
  445.16197 0.548306 548
  445.20055 0.0771644 77
  446.03265 0.00627353 6
  446.16754 0.164994 165
  446.18793 0.0621079 62
  446.20776 0.0809285 81
  446.72997 0.0307403 31
  448.10970 0.02133 21
  449.12120 0.25345 253
  449.12541 0.25345 253
  450.13847 0.0614806 61
  450.19489 0.0633626 63
  455.18201 0.25345 253
  456.18643 0.0558344 56
  457.19162 0.044542 44
  458.17212 0.0401506 40
  458.20225 0.0690088 69
  458.21565 0.0708908 71
  459.17715 0.343789 343
  460.14969 0.0633626 63
  460.17654 0.0457967 46
  463.21156 0.0815558 81
  465.17298 0.0345044 34
  468.15333 0.0897114 90
  470.61369 0.00564617 6
  473.16556 0.033877 34
  473.19178 0.540151 540
  474.19775 0.198243 198
  475.20929 0.0401506 40
  475.96317 0.0138018 14
  476.21915 0.0558344 56
  477.18908 0.124216 124
  478.17710 0.00564617 6
  483.16692 0.0545797 55
  483.18208 0.287955 288
  489.06088 0.00564617 6
  491.20648 0.562108 562
  491.23222 0.0420326 42
  492.20649 0.19197 192
  494.41303 0.0119197 12
  501.14857 0.0376412 38
  501.18850 1 999
  501.36219 0.0150565 15
  502.19201 0.273526 273
  503.60979 0.0125471 13
  515.21426 0.0715182 71
  519.19985 0.624216 624
  520.19067 0.0909661 91
  520.20442 0.217691 217
  521.21068 0.0395232 39
  528.51404 0.00564617 6
  533.21369 0.124843 125
  535.28176 0.0125471 13
  543.20027 0.0483061 48
  560.21829 0.00564617 6
  561.20704 0.409034 409
  562.21563 0.0257215 26
  562.92055 0.00627353 6
  563.05045 0.00564617 6
  567.12581 0.00564617 6
  587.16195 0.00564617 6
  601.51543 0.00564617 6
  620.45278 0.053325 53
  623.23005 0.0508156 51
  645.75496 0.00564617 6
  688.49886 0.00564617 6
  689.58285 0.00564617 6
  698.59965 0.00564617 6
  723.65999 0.00564617 6
  748.54555 0.00564617 6
  748.66539 0.00564617 6
  760.35225 0.00564617 6
  769.22885 0.00564617 6
  772.28610 0.00564617 6
  809.55292 0.00564617 6
  915.11600 0.00564617 6
  918.60202 0.00564617 6
  963.10541 0.00564617 6
  979.01546 0.00564617 6
  982.15036 0.00564617 6
  996.89225 0.00564617 6
  1026.40478 0.00564617 6
  1031.64337 0.00564617 6
  1038.93124 0.00564617 6
  1089.46635 0.00564617 6
  1146.68251 0.00564617 6
  1203.25664 0.00564617 6
  1238.62995 0.00564617 6
  1238.87219 0.00564617 6
  1278.58435 0.00564617 6
  1287.68394 0.00564617 6
  1305.73121 0.00564617 6
  1380.10583 0.00564617 6
  1407.17751 0.00564617 6
  1467.92944 0.00564617 6
  1493.37796 0.00564617 6
  1529.91632 0.00564617 6
  1566.40101 0.00564617 6
  1646.10730 0.00564617 6
  1724.06139 0.00627353 6
//