ACCESSION: MycoMSB-HZI-000443
RECORD_TITLE: Dehydrosulphurenic acid; timsTOF; MS2; CE:38.093023255813954; [M+H]+
DATE: 2026.06.26
AUTHORS: Charrià-Girón E, Surup F
LICENSE: CC BY
COPYRIGHT: Helmholtz Centre for Infection Research (HZI)
SP$SCIENTIFIC_NAME: Antrodia cinnamomea
PUBLICATION: doi:10.1016/0031-9422(95)00767-9
COMMENT: Converted from Bruker MetaboScape .library export
CH$NAME: Dehydrosulphurenic acid
CH$COMPOUND_CLASS: Terpenoids
CH$FORMULA: C31H48O4
CH$EXACT_MASS: 484.3553
CH$SMILES: CC(C)C(=C)CC[C@@H]([C@H]1C[C@@H]([C@@]2([C@@]1(CC=C3C2=CC[C@@H]4[C@@]3(CC[C@@H](C4(C)C)O)C)C)C)O)C(=O)O
CH$IUPAC: InChI=1S/C31H48O4/c1-18(2)19(3)9-10-20(27(34)35)23-17-26(33)31(8)22-11-12-24-28(4,5)25(32)14-15-29(24,6)21(22)13-16-30(23,31)7/h11,13,18,20,23-26,32-33H,3,9-10,12,14-17H2,1-2,4-8H3,(H,34,35)/t20-,23+,24-,25-,26-,29+,30+,31+/m0/s1
CH$LINK: INCHIKEY DGVHJZPQGFRVEC-LWURDOLFSA-N
AC$INSTRUMENT: timsTOF Pro, Bruker Daltonics
AC$INSTRUMENT_TYPE: timsTOF
AC$MASS_SPECTROMETRY: MS_TYPE MS2
AC$MASS_SPECTROMETRY: ION_MODE POSITIVE
AC$MASS_SPECTROMETRY: COLLISION_ENERGY 38.093023255813954
AC$MASS_SPECTROMETRY: CCS 228.8258514404297
MS$FOCUSED_ION: BASE_PEAK 485.36254
MS$FOCUSED_ION: PRECURSOR_M/Z 485.36254
MS$FOCUSED_ION: PRECURSOR_TYPE [M+H]+
MS$DATA_PROCESSING: Converted with library_to_massbank.py
PK$SPLASH: splash10-05i0-0795400000-84415db695f03f9510ca
PK$NUM_PEAK: 659
PK$PEAK: m/z int. rel.int.
  109.10214 0.0641731 64
  115.05609 0.0384038 38
  117.10085 0.00562922 6
  119.08669 0.191769 192
  120.09554 0.014636 15
  121.10094 0.231048 231
  121.11078 0.0212659 21
  122.10609 0.0352765 35
  123.07945 0.0153865 15
  123.10374 0.0060045 6
  123.11730 0.157243 157
  124.08280 0.0117588 12
  125.09722 0.0243933 24
  126.09997 0.0117588 12
  128.06081 0.0291469 29
  128.07320 0.0177633 18
  129.07358 0.0516637 52
  131.08640 0.161871 162
  133.10136 0.142107 142
  133.10773 0.0298974 30
  133.11392 0.0100075 10
  134.10504 0.0171379 17
  135.04108 0.0162622 16
  135.08046 0.0262697 26
  135.10653 0.0100075 10
  135.11905 0.129222 129
  136.11935 0.0509132 51
  137.09746 0.0349012 35
  137.13352 0.105579 105
  138.13792 0.00825619 8
  139.07577 0.0281461 28
  139.11295 0.0650488 65
  141.06910 0.0278959 28
  141.12673 0.0140105 14
  142.07703 0.0297723 30
  143.08557 0.102452 102
  145.06548 0.0115086 11
  145.10139 0.251313 251
  146.10517 0.0701776 70
  147.07946 0.0205154 20
  147.11731 0.219415 219
  147.12632 0.0176382 18
  148.08224 0.0101326 10
  148.12098 0.0864398 86
  149.09473 0.012009 12
  149.13235 0.142357 142
  151.11258 0.0430323 43
  151.14735 0.0242682 24
  152.06414 0.00925694 9
  153.09206 0.0156367 16
  153.12496 0.0100075 10
  154.07360 0.0166375 17
  155.07062 0.00575432 6
  155.08800 0.0632975 63
  155.10763 0.0142607 14
  156.09670 0.0163873 16
  156.24156 0.0081311 8
  157.10133 0.399299 399
  157.39528 0.0105079 10
  158.10297 0.0724293 72
  158.10835 0.0724293 72
  159.08116 0.0336502 34
  159.11726 0.455842 455
  159.13033 0.0365274 36
  160.12027 0.0256442 26
  161.09720 0.103453 103
  161.13259 0.168877 169
  161.14006 0.0135101 13
  162.13641 0.0128847 13
  163.11312 0.0215161 21
  163.12385 0.0158869 16
  163.14824 0.167876 168
  164.08022 0.00988241 10
  165.09163 0.0263948 26
  165.12924 0.0192644 19
  165.16601 0.00988241 10
  165.56630 0.0060045 6
  167.09144 0.0165124 16
  167.14401 0.0116337 12
  167.96811 0.00550413 5
  168.09382 0.0111334 11
  169.06851 0.0197648 20
  169.10230 0.250813 251
  170.10228 0.0256442 26
  170.10942 0.0464098 46
  171.11692 0.439079 439
  171.12721 0.0142607 14
  172.12000 0.0211409 21
  172.49680 0.00675507 7
  173.09754 0.0632975 63
  173.13365 0.29297 293
  174.10092 0.0131349 13
  174.13945 0.0715537 71
  175.11045 0.0684263 68
  175.13858 0.00875657 9
  175.14887 0.0920691 92
  176.15025 0.0165124 16
  177.09198 0.0167626 17
  177.12843 0.0281461 28
  177.16283 0.0629222 63
  178.08004 0.00788091 8
  178.13015 0.0117588 12
  179.11229 0.0390293 39
  179.14265 0.0531649 53
  179.18182 0.018639 19
  180.14629 0.0107581 11
  181.10224 0.0470353 47
  181.12388 0.0108832 11
  182.10720 0.0321491 32
  183.11759 0.223418 223
  183.12485 0.134601 134
  184.11922 0.0177633 18
  184.12711 0.0202652 20
  185.09475 0.0256442 26
  185.12242 0.0341506 34
  185.13390 0.349887 350
  186.13827 0.0469102 47
  187.11319 0.083938 84
  187.15057 0.294971 295
  187.16481 0.00988241 10
  187.94458 0.00925694 9
  188.11253 0.0175131 17
  188.15050 0.0404053 40
  188.15694 0.0127596 13
  189.12456 0.0406555 41
  189.12961 0.0406555 41
  189.13664 0.00975732 10
  189.16439 0.118839 119
  190.16950 0.0225169 22
  191.11016 0.013385 13
  191.14364 0.0675507 67
  191.15341 0.0195146 19
  191.17639 0.0272705 27
  191.35026 0.00550413 5
  193.10261 0.014636 15
  193.12435 0.0138854 14
  193.15880 0.0451589 45
  194.11034 0.0100075 10
  195.11772 0.163498 163
  195.12725 0.0148862 15
  195.14255 0.00788091 8
  196.12053 0.0404053 40
  196.13851 0.0303978 30
  197.09656 0.0141356 14
  197.13229 0.391544 391
  198.13816 0.0574181 57
  199.11203 0.0210158 21
  199.14841 0.26032 260
  200.15597 0.0442832 44
  201.12868 0.045284 45
  201.16412 0.228296 228
  202.13159 0.0243933 24
  202.16628 0.0567926 57
  203.06827 0.0147611 15
  203.08610 0.00938204 9
  203.14400 0.0540405 54
  203.17967 0.0941956 94
  203.54557 0.00537903 5
  204.11058 0.010633 11
  204.18571 0.0370278 37
  205.10627 0.008006 8
  205.11747 0.0108832 11
  205.15847 0.0681761 68
  205.19365 0.0115086 11
  206.11112 0.0118839 12
  207.11899 0.076057 76
  207.13856 0.0541656 54
  207.14493 0.0536652 54
  208.12000 0.0256442 26
  209.12457 0.0863147 86
  209.13307 0.209407 209
  209.15053 0.0305229 30
  209.15851 0.0151364 15
  210.14064 0.0397798 40
  210.15508 0.0142607 14
  211.11179 0.0251439 25
  211.14868 0.181261 181
  212.11433 0.0142607 14
  212.15063 0.0700525 70
  213.12744 0.0434076 43
  213.16473 0.244308 244
  214.16746 0.0301476 30
  215.10662 0.0156367 16
  215.14306 0.0796848 80
  215.18019 0.069302 69
  216.14748 0.010633 11
  216.17737 0.0300225 30
  216.18427 0.0205154 20
  217.15793 0.0931949 93
  217.19282 0.0143858 14
  218.12977 0.00988241 10
  218.19967 0.0195146 19
  219.12200 0.00650488 6
  219.17413 0.020015 20
  219.21202 0.0153865 15
  220.12344 0.0153865 15
  221.13184 0.118214 118
  221.15741 0.0153865 15
  222.13317 0.00537903 5
  222.98026 0.00725544 7
  223.14893 0.207656 207
  223.16483 0.012009 12
  224.15389 0.140355 140
  224.17780 0.0122592 12
  225.16428 0.197898 198
  225.17582 0.0261446 26
  226.13063 0.0235176 23
  226.13769 0.0210158 21
  226.14475 0.0112584 11
  226.17086 0.0629222 63
  227.14087 0.0198899 20
  227.17898 0.304103 304
  227.18967 0.0462847 46
  228.18650 0.045284 45
  229.12500 0.025394 25
  229.15858 0.0268952 27
  229.19491 0.110083 110
  229.20363 0.0152614 15
  230.20409 0.0115086 11
  231.13538 0.00587941 6
  231.21306 0.0171379 17
  232.17579 0.0135101 13
  233.13204 0.0382787 38
  233.15312 0.0375281 37
  233.19163 0.0225169 22
  233.22571 0.00988241 10
  234.13436 0.0131349 13
  235.14895 0.122967 123
  235.17189 0.0162622 16
  236.15617 0.0647986 65
  237.16298 0.239555 239
  237.86141 0.00512885 5
  238.14134 0.0135101 13
  238.15100 0.0143858 14
  238.16731 0.078684 79
  238.17755 0.0101326 10
  239.07160 0.00537903 5
  239.17902 0.270203 270
  240.13455 0.00637978 6
  240.15022 0.0191394 19
  240.18237 0.0662997 66
  241.15871 0.0964473 96
  241.19534 0.350138 350
  242.16621 0.0262697 26
  242.19936 0.018639 19
  243.14179 0.0444083 44
  243.17409 0.0341506 34
  243.20824 0.0311484 31
  244.18012 0.025394 25
  244.21189 0.0276457 28
  244.21923 0.0127596 13
  245.13433 0.0105079 10
  245.15392 0.0102577 10
  245.19270 0.0662997 66
  245.22251 0.0108832 11
  245.24210 0.00512885 5
  247.14916 0.0102577 10
  247.16883 0.00850638 8
  247.20572 0.0341506 34
  247.23524 0.00550413 5
  248.17568 0.00975732 10
  249.16334 0.145984 146
  249.22409 0.0143858 14
  250.16336 0.0417813 42
  250.17169 0.0421566 42
  251.14405 0.0140105 14
  251.16636 0.0105079 10
  251.17853 0.208782 209
  252.17883 0.0336502 34
  252.18628 0.0201401 20
  252.47452 0.00625469 6
  253.15642 0.0581686 58
  253.16253 0.0581686 58
  253.19593 0.134851 135
  253.20578 0.0136352 14
  254.19719 0.0590443 59
  254.21736 0.0103828 10
  255.17137 0.0844383 84
  255.17796 0.0844383 84
  255.21138 0.205529 205
  256.17896 0.00875657 9
  256.21461 0.0402802 40
  256.77016 0.00688016 7
  257.15635 0.0406555 41
  257.18842 0.0851889 85
  257.22621 0.0694271 69
  258.19315 0.0607956 61
  259.17352 0.0364023 36
  259.20682 0.158119 158
  260.17019 0.0157618 16
  260.21030 0.0113835 11
  260.22065 0.0122592 12
  260.60434 0.00688016 7
  261.14754 0.0117588 12
  261.16523 0.0137603 14
  261.18372 0.0536652 54
  262.06847 0.00525394 5
  262.16977 0.0206405 21
  262.22043 0.0152614 15
  263.18122 0.076057 76
  264.18500 0.0361521 36
  265.18223 0.0208907 21
  265.19686 0.125594 125
  266.19453 0.0295221 29
  266.20233 0.0243933 24
  267.17700 0.0619214 62
  267.20884 0.170628 170
  267.21538 0.170628 170
  268.17888 0.0152614 15
  268.22727 0.0138854 14
  268.92198 0.00500375 5
  269.15289 0.00838129 8
  269.18943 0.217788 218
  269.20166 0.0111334 11
  269.22924 0.0230173 23
  270.19758 0.0394046 39
  270.22924 0.0257693 26
  270.23695 0.0132599 13
  271.17030 0.0411559 41
  271.20481 0.107706 108
  272.16896 0.0111334 11
  272.20816 0.0316487 32
  272.24940 0.0361521 36
  273.18655 0.0472855 47
  273.19374 0.0490368 49
  273.22014 0.068051 68
  273.23290 0.010633 11
  274.20110 0.00988241 10
  275.19924 0.0136352 14
  275.23298 0.0150113 15
  275.24336 0.00675507 7
  276.18295 0.024018 24
  276.19091 0.0374031 37
  276.20440 0.0101326 10
  277.18014 0.0103828 10
  277.19564 0.0895672 89
  278.20147 0.0288967 29
  278.22021 0.0117588 12
  279.21057 0.131974 132
  280.21709 0.020015 20
  281.18946 0.0190143 19
  281.22594 0.0793095 79
  281.24192 0.0156367 16
  281.27603 0.0102577 10
  282.19235 0.008006 8
  282.23266 0.041281 41
  283.16301 0.0145109 14
  283.20695 0.0404053 40
  283.22334 0.008006 8
  283.23978 0.0271454 27
  283.24631 0.0271454 27
  284.21139 0.00575432 6
  285.18795 0.0223918 22
  285.22169 0.131849 132
  285.24078 0.0141356 14
  285.25474 0.0247686 25
  286.22242 0.0171379 17
  286.26358 0.0208907 21
  287.04537 0.00713035 7
  287.20107 0.0751814 75
  287.23422 0.0261446 26
  288.20886 0.0351514 35
  288.23919 0.00888166 9
  289.19604 0.00900676 9
  289.25989 0.00775582 8
  290.19977 0.008006 8
  291.19456 0.00700525 7
  291.21235 0.468226 468
  291.22261 0.0806855 81
  292.18570 0.00525394 5
  292.21665 0.244934 245
  293.19193 0.0137603 14
  293.22570 0.311734 311
  294.19641 0.0447836 45
  294.23480 0.0791844 79
  295.20664 0.0534151 53
  295.23540 0.0377783 38
  295.24351 0.04666 47
  295.43805 0.00562922 6
  296.17520 0.00788091 8
  296.21159 0.0464098 46
  296.24250 0.00688016 7
  297.22261 0.0863147 86
  297.25298 0.0121341 12
  298.22426 0.0462847 46
  298.26248 0.0100075 10
  299.23720 0.0399049 40
  300.24169 0.0157618 16
  300.27848 0.0167626 17
  301.21436 0.0130098 13
  303.21850 0.0108832 11
  303.23212 0.0128847 13
  304.22013 0.0223918 22
  305.22374 0.0764323 76
  306.22559 0.032024 32
  306.23854 0.0148862 15
  307.21108 0.0117588 12
  307.22205 0.0102577 10
  307.24186 0.101951 102
  307.66912 0.00637978 6
  308.24008 0.00637978 6
  309.18003 0.0101326 10
  309.22130 0.475106 475
  309.24192 0.00775582 8
  309.25872 0.0566675 57
  310.14069 0.00625469 6
  310.22758 0.237303 237
  310.23987 0.00950713 9
  310.26361 0.0322742 32
  310.76358 0.00650488 6
  311.02008 0.00713035 7
  311.19981 0.0218914 22
  311.23669 0.704028 703
  311.26013 0.0166375 17
  311.59138 0.0101326 10
  312.23998 0.281836 282
  312.25165 0.0137603 14
  313.21504 0.0647986 65
  313.22814 0.00938204 9
  313.25355 0.0971979 97
  313.31397 0.00587941 6
  313.82641 0.00512885 5
  314.22280 0.0238929 24
  314.26142 0.0127596 13
  314.29212 0.0156367 16
  315.23189 0.0247686 25
  319.24285 0.168126 168
  319.26164 0.0115086 11
  320.24718 0.0427821 43
  321.26596 0.00825619 8
  323.20522 0.0334001 33
  323.22032 0.0242682 24
  323.23656 0.137228 137
  323.27094 0.0130098 13
  324.24191 0.0590443 59
  324.27577 0.0110083 11
  325.21410 0.0287716 29
  325.25213 0.15324 153
  325.27933 0.00587941 6
  325.29188 0.0140105 14
  326.25548 0.0315236 31
  327.22060 0.0976983 98
  327.23203 0.789592 789
  327.25149 0.014636 15
  327.26601 0.0390293 39
  328.23449 0.242057 242
  329.24170 0.0910683 91
  329.24919 0.0910683 91
  329.28355 0.012009 12
  330.25218 0.0140105 14
  331.23363 0.013385 13
  332.25360 0.00863147 9
  333.21517 0.00950713 9
  333.24087 0.008006 8
  333.25844 0.0801851 80
  334.26295 0.0340255 34
  335.23698 0.00950713 9
  335.27351 0.100826 101
  335.28854 0.0117588 12
  336.21433 0.0140105 14
  336.27743 0.017388 17
  337.21608 0.0237678 24
  337.25283 0.054666 55
  337.28592 0.0475357 47
  338.25567 0.0645484 64
  338.28836 0.0197648 20
  338.29862 0.0210158 21
  339.23200 0.0317738 32
  339.27627 0.0197648 20
  340.23604 0.00575432 6
  341.21692 0.0270203 27
  341.24376 0.0446585 45
  341.25329 0.0336502 34
  341.27929 0.0308982 31
  343.24338 0.00925694 9
  345.25899 0.0356517 36
  346.22611 0.008006 8
  346.24939 0.0168877 17
  346.27268 0.0116337 12
  347.27025 0.0379034 38
  347.28929 0.00888166 9
  348.24317 0.0111334 11
  349.29001 0.0534151 53
  350.22218 0.0113835 11
  350.23975 0.0100075 10
  350.29244 0.0298974 30
  351.23446 0.038654 39
  351.24750 0.0111334 11
  351.27006 0.0536652 54
  351.30558 0.0285214 28
  352.24203 0.010633 11
  352.27178 0.0507881 51
  352.28606 0.00825619 8
  352.35359 0.00537903 5
  353.24649 0.0845634 84
  353.27979 0.0396547 40
  354.25590 0.008006 8
  354.29180 0.0246435 25
  355.21045 0.00500375 5
  355.22519 0.0061296 6
  355.26502 0.0647986 65
  356.26371 0.00875657 9
  357.23992 0.0310233 31
  357.25939 0.00913185 9
  358.24758 0.00650488 6
  359.25196 0.0060045 6
  359.27331 0.0245184 24
  360.28032 0.0197648 20
  361.24700 0.0445334 44
  361.28872 0.010633 11
  363.22987 0.0136352 14
  363.26581 0.0489117 49
  363.31138 0.0311484 31
  364.23524 0.00963222 10
  364.26283 0.0337753 34
  364.28301 0.0111334 11
  364.31286 0.00725544 7
  365.24741 0.0342757 34
  365.28633 0.126095 126
  365.31972 0.00650488 6
  366.25612 0.008006 8
  366.28445 0.0223918 22
  367.26566 0.00775582 8
  367.27765 0.0113835 11
  367.30024 0.08006 80
  367.31962 0.00738054 7
  368.30005 0.0505379 50
  369.23480 0.00963222 10
  369.24683 0.00925694 9
  369.27989 0.0183888 18
  369.30093 0.00850638 8
  371.25654 0.0342757 34
  371.26949 0.0168877 17
  372.26177 0.00938204 9
  373.29381 0.0195146 19
  374.29266 0.0125094 12
  375.26237 0.0247686 25
  375.27633 0.0227671 23
  377.28555 0.0176382 18
  377.31962 0.0355266 35
  378.29799 0.0151364 15
  378.31970 0.0130098 13
  379.26459 0.0811859 81
  379.30198 0.0362772 36
  379.33922 0.0102577 10
  380.26595 0.0210158 21
  380.30256 0.00700525 7
  381.28010 0.0683012 68
  381.31380 0.0486615 49
  382.79581 0.00688016 7
  383.25609 0.0251439 25
  383.28641 0.0193895 19
  383.29672 0.0178884 18
  384.25704 0.0108832 11
  385.27879 0.00650488 6
  388.30904 0.0205154 20
  390.28429 0.0115086 11
  390.32446 0.0061296 6
  391.30219 0.0474106 47
  391.33258 0.0132599 13
  392.27074 0.0113835 11
  393.06426 0.00675507 7
  393.28009 0.0375281 37
  393.30929 0.00700525 7
  393.35216 0.0709282 71
  394.29020 0.00838129 8
  394.35232 0.0243933 24
  394.37717 0.00875657 9
  395.33014 0.0335251 33
  396.29927 0.0118839 12
  396.33975 0.00788091 8
  397.30799 0.0263948 26
  397.34001 0.00750563 7
  398.34778 0.00925694 9
  399.28806 0.00900676 9
  400.29522 0.04003 40
  402.33201 0.0118839 12
  403.29268 0.00662997 7
  403.33621 0.427821 427
  403.43741 0.0128847 13
  404.12556 0.00512885 5
  404.33898 0.123092 123
  404.93411 0.00625469 6
  405.31193 0.00900676 9
  405.34342 0.0128847 13
  405.35602 0.0107581 11
  406.32344 0.00775582 8
  407.01427 0.00637978 6
  407.29320 0.0342757 34
  407.32043 0.018639 19
  407.33622 0.008006 8
  408.30600 0.0100075 10
  408.32813 0.00988241 10
  408.37554 0.00525394 5
  409.31175 0.0177633 18
  410.31190 0.0316487 32
  411.29030 0.0470353 47
  411.35653 0.0406555 41
  412.36267 0.0449087 45
  413.29942 0.00725544 7
  413.31734 0.0422817 42
  415.28296 0.0135101 13
  416.28131 0.0108832 11
  419.29954 0.0127596 13
  420.93469 0.00637978 6
  421.34646 1 999
  422.21617 0.00512885 5
  422.30939 0.0103828 10
  422.34871 0.379284 379
  422.78205 0.0061296 6
  423.11018 0.00750563 7
  423.32581 0.0775582 77
  423.35475 0.0100075 10
  424.30152 0.0147611 15
  424.33220 0.0168877 17
  424.37241 0.00838129 8
  425.31064 0.00675507 7
  425.33968 0.0115086 11
  426.30995 0.04666 47
  426.34357 0.0127596 13
  427.30984 0.00688016 7
  428.29015 0.0138854 14
  429.29428 0.00750563 7
  430.28984 0.00713035 7
  431.32761 0.0669252 67
  432.31045 0.00525394 5
  432.33369 0.0619214 62
  432.35598 0.00913185 9
  433.31601 0.0081311 8
  434.31949 0.0215161 21
  435.32086 0.0101326 10
  437.33794 0.0183888 18
  439.32149 0.00850638 8
  439.35833 0.401801 401
  440.36135 0.142857 143
  440.38769 0.0123843 12
  440.65362 0.00500375 5
  441.33561 0.0183888 18
  441.36316 0.0257693 26
  449.21577 0.00662997 7
  449.34187 0.649862 649
  449.36184 0.0245184 24
  449.77292 0.00525394 5
  450.26735 0.00500375 5
  450.34514 0.201651 201
  450.36246 0.0260195 26
  451.35339 0.0167626 17
  451.37333 0.0162622 16
  467.32072 0.00637978 6
  467.35164 0.422692 422
  468.35575 0.250313 250
  469.35860 0.0105079 10
  483.35234 0.0132599 13
  484.93559 0.0081311 8
  485.36163 0.0765574 76
  486.36568 0.0298974 30
  486.42136 0.00688016 7
  487.36710 0.00587941 6
  487.78158 0.00625469 6
//