ACCESSION: MycoMSB-HZI-000146
RECORD_TITLE: (3aS)-7-hydroxy-3a,5,5,8-tetramethyl-3,3a,4,5-tetrahydro-1Hcyclopenta[de]isochromen-1-one; timsTOF; MS2; CE:35.112; [M+H]+
DATE: 2026.06.26
AUTHORS: Charrià-Girón E, Surup F
LICENSE: CC BY
COPYRIGHT: Helmholtz Centre for Infection Research (HZI)
SP$SCIENTIFIC_NAME: Hypoxylon rickii
PUBLICATION: doi:10.1016/j.phytochem.2015.06.002
COMMENT: Converted from Bruker MetaboScape .library export
CH$NAME: (3aS)-7-hydroxy-3a,5,5,8-tetramethyl-3,3a,4,5-tetrahydro-1Hcyclopenta[de]isochromen-1-one
CH$COMPOUND_CLASS: Terpenoids
CH$FORMULA: C15H18O3
CH$EXACT_MASS: 246.1256
CH$SMILES: C1(=CC=C2C3=C1C(OCC3(CC2(C)C)C)=O)C
CH$IUPAC: InChI=1S/C15H18O2/c1-9-5-6-10-12-11(9)13(16)17-8-15(12,4)7-14(10,2)3/h5-6H,7-8H2,1-4H3/t15-/m1/s1
CH$LINK: INCHIKEY CAMCSBCRRUTMEK-OAHLLOKOSA-N
AC$INSTRUMENT: timsTOF Pro, Bruker Daltonics
AC$INSTRUMENT_TYPE: timsTOF
AC$MASS_SPECTROMETRY: MS_TYPE MS2
AC$MASS_SPECTROMETRY: ION_MODE POSITIVE
AC$MASS_SPECTROMETRY: COLLISION_ENERGY 35.112
AC$MASS_SPECTROMETRY: CCS 155.9095458984375
MS$FOCUSED_ION: BASE_PEAK 247.13287
MS$FOCUSED_ION: PRECURSOR_M/Z 247.13287
MS$FOCUSED_ION: PRECURSOR_TYPE [M+H]+
MS$DATA_PROCESSING: Converted with library_to_massbank.py
PK$SPLASH: splash10-070i-0920000000-db44d41b6aaac4f86f6e
PK$NUM_PEAK: 122
PK$PEAK: m/z int. rel.int.
  55.05250 0.00705345 7
  57.07180 0.0644512 64
  69.03239 0.0195461 20
  79.05362 0.00635859 6
  91.05422 0.0478824 48
  93.07009 0.0145564 15
  95.08475 0.00883197 9
  105.06908 0.151882 152
  106.07291 0.0170851 17
  107.04880 0.024309 24
  108.05053 0.00765692 8
  115.05348 0.0270486 27
  116.05869 0.00853065 9
  117.07301 0.0366661 37
  119.04919 0.0090282 9
  119.08377 0.0738492 74
  120.08813 0.0173193 17
  121.06413 0.138759 139
  122.06966 0.0152381 15
  127.05327 0.0186253 19
  128.06109 0.0909064 91
  129.06775 0.0440557 44
  130.07677 0.0178636 18
  131.04819 0.0193135 19
  131.08300 0.108353 108
  132.05587 0.0385912 39
  132.08914 0.00627855 6
  133.06559 0.035721 36
  133.10381 0.170985 171
  134.10377 0.0140281 14
  135.04454 0.0215238 22
  135.07789 0.0225611 23
  141.06939 0.0549739 55
  142.07527 0.015339 15
  143.08480 0.109092 109
  144.05916 0.0569188 57
  144.09096 0.0337126 34
  145.06385 0.104837 105
  145.09984 0.0644375 64
  146.07182 0.213913 214
  146.10230 0.0116342 12
  147.04323 0.0114236 11
  147.07772 0.302361 302
  147.11723 0.00745515 7
  148.08319 0.0305853 31
  153.06734 0.00962162 10
  155.08484 0.0462209 46
  157.06677 0.0326725 33
  157.10053 0.0215591 22
  158.07362 0.109147 109
  158.10814 0.0081047 8
  159.07606 0.475892 475
  159.11643 0.0753566 75
  160.08512 0.0954146 95
  160.11865 0.00513813 5
  161.05912 0.0111297 11
  161.10227 1 999
  162.09869 0.112337 112
  163.07546 0.00570054 6
  165.05505 0.0110427 11
  168.09248 0.0260759 26
  169.06633 0.0452898 45
  169.10198 0.0386517 39
  170.10958 0.0265649 27
  171.08495 0.090002 90
  171.11452 0.00781307 8
  172.08824 0.438422 438
  173.05848 0.0789656 79
  173.09822 0.40807 408
  173.13286 0.0271954 27
  174.06683 0.0243137 24
  174.10009 0.0933975 93
  175.07581 0.0787545 79
  175.10311 0.0500002 50
  176.07916 0.011085 11
  176.11580 0.00829481 8
  177.05462 0.0214818 21
  181.06616 0.0103662 10
  183.08180 0.0131106 13
  183.11755 0.0185429 19
  185.06104 0.0239089 24
  185.10158 0.0924995 92
  185.13671 0.0153278 15
  186.06511 0.0429185 43
  186.10342 0.222371 222
  187.06591 0.987661 987
  187.09101 0.0108174 11
  187.11152 0.490207 490
  188.07851 0.134807 135
  188.11508 0.103462 103
  189.09177 0.0247798 25
  189.12044 0.0084317 8
  191.07016 0.187277 187
  192.07393 0.0189352 19
  193.10070 0.0378882 38
  196.08841 0.0253052 25
  199.07501 0.0580445 58
  199.11220 0.0188156 19
  200.08747 0.0315327 32
  201.09135 0.0419685 42
  201.12704 0.478616 478
  202.13083 0.0642829 64
  203.07033 0.0329088 33
  203.14301 0.0500724 50
  204.07623 0.0209506 21
  204.14555 0.0104019 10
  205.09312 0.298262 298
  206.08774 0.0410223 41
  211.11164 0.0608451 61
  212.11653 0.0123929 12
  213.09185 0.0110977 11
  214.09934 0.0618477 62
  215.08210 0.0406773 41
  215.10485 0.0120119 12
  216.08297 0.0180537 18
  217.08579 0.0149781 15
  218.09440 0.0152693 15
  229.11931 0.827822 827
  230.12535 0.174276 174
  232.10836 0.0112928 11
  247.13251 0.157682 158
  248.13575 0.031059 31
//