ACCESSION: MycoMSB-HZI-003179
RECORD_TITLE: Laetiporin B; timsTOF; MS2; CE:38.13953488372093; [M+K]+
DATE: 2026.06.26
AUTHORS: Charrià-Girón E, Surup F
LICENSE: CC BY
COPYRIGHT: Helmholtz Centre for Infection Research (HZI)
PUBLICATION: doi:10.1016/j.phytol.2017.04.009
COMMENT: Converted from Bruker MetaboScape .library export
CH$NAME: Laetiporin B
CH$FORMULA: C34H52O7
CH$EXACT_MASS: 572.3713
CH$SMILES: C
CH$IUPAC: InChI=1S/C34H52O7/c1-19(2)20(3)9-10-21(30(39)40)24-17-27(41-29(38)18-28(36)37)34(8)23-11-12-25-31(4,5)26(35)14-15-32(25,6)22(23)13-16-33(24,34)7/h19,21,24-27,35H,3,9-18H2,1-2,4-8H3,(H,36,37)(H,39,40)/t21-,24+,25-,26-,27-,32+,33+,34+/m0/s1
CH$LINK: INCHIKEY MDPWBYGDZIOSBE-PWUJMTERSA-N
SP$SCIENTIFIC_NAME: Laetiporus sp.
AC$INSTRUMENT: timsTOF Pro, Bruker Daltonics
AC$INSTRUMENT_TYPE: TIMS-TOF
AC$MASS_SPECTROMETRY: MS_TYPE MS2
AC$MASS_SPECTROMETRY: ION_MODE POSITIVE
AC$MASS_SPECTROMETRY: COLLISION_ENERGY 38.13953488372093
AC$MASS_SPECTROMETRY: CCS 228.41775512695312
MS$FOCUSED_ION: BASE_PEAK 611.33446
MS$FOCUSED_ION: PRECURSOR_M/Z 611.33446
MS$FOCUSED_ION: PRECURSOR_TYPE [M+K]+
MS$DATA_PROCESSING: Converted with library_to_massbank.py
PK$SPLASH: splash10-0btc-1724194110-d18e13262c125c4cadd8
PK$NUM_PEAK: 88
PK$PEAK: m/z int. rel.int.
  107.55350 0.0414747 41
  120.72149 0.0414747 41
  132.44800 0.0414747 41
  135.78835 0.0414747 41
  137.30177 0.0414747 41
  141.99301 0.451613 451
  179.04181 0.0414747 41
  185.13323 0.387097 387
  185.82559 0.0414747 41
  188.00905 0.0414747 41
  188.26651 0.0414747 41
  203.04589 0.0414747 41
  234.86434 0.0414747 41
  237.82697 0.0414747 41
  274.15315 0.0414747 41
  276.13544 0.0414747 41
  291.69492 0.0414747 41
  335.32890 0.0414747 41
  336.05111 0.0414747 41
  338.72889 0.0414747 41
  381.58729 0.0414747 41
  393.24643 0.364055 364
  403.75355 0.0414747 41
  432.34137 0.0414747 41
  436.94599 0.0414747 41
  449.94016 0.0414747 41
  465.76085 0.0414747 41
  468.51618 0.0414747 41
  476.61236 0.0414747 41
  481.98195 0.0414747 41
  507.30972 1 999
  524.34028 0.331797 331
  528.70838 0.0414747 41
  533.75935 0.0414747 41
  544.09750 0.0414747 41
  562.73116 0.0414747 41
  580.72826 0.0414747 41
  610.38257 0.16129 161
  611.34135 0.354839 354
  635.93400 0.0414747 41
  636.16675 0.0414747 41
  659.57667 0.0414747 41
  695.96327 0.0414747 41
  714.87000 0.0414747 41
  729.45185 0.0414747 41
  752.61521 0.0414747 41
  766.30158 0.0414747 41
  779.99770 0.0414747 41
  812.71396 0.0414747 41
  835.55671 0.0414747 41
  850.29351 0.0414747 41
  854.31213 0.0414747 41
  867.21697 0.0414747 41
  894.94458 0.0414747 41
  935.08547 0.0414747 41
  945.67673 0.0414747 41
  957.85198 0.0414747 41
  997.15533 0.0414747 41
  1041.35876 0.0414747 41
  1047.06041 0.0414747 41
  1055.41846 0.0414747 41
  1069.28598 0.0414747 41
  1085.26307 0.0414747 41
  1114.69845 0.0414747 41
  1128.49687 0.0414747 41
  1129.12227 0.0414747 41
  1203.36992 0.0414747 41
  1207.45388 0.0414747 41
  1249.73542 0.0414747 41
  1256.37991 0.0414747 41
  1286.76180 0.0414747 41
  1311.86906 0.0414747 41
  1320.49478 0.0414747 41
  1353.50724 0.0414747 41
  1367.63722 0.0414747 41
  1387.90607 0.0414747 41
  1397.94726 0.0414747 41
  1501.61634 0.0414747 41
  1509.23304 0.0414747 41
  1599.43465 0.0414747 41
  1647.17943 0.0414747 41
  1666.48417 0.0414747 41
  1667.12278 0.0414747 41
  1678.40808 0.0414747 41
  1681.65868 0.0414747 41
  1710.88742 0.0414747 41
  1733.94624 0.0414747 41
  1739.91775 0.0414747 41
//