ACCESSION: MycoMSB-HZI-003012
RECORD_TITLE: Aethiopinolone A; timsTOF; MS2; CE:34.44186046511628; [M+H-H2O]+
DATE: 2026.06.26
AUTHORS: Charrià-Girón E, Surup F
LICENSE: CC BY
COPYRIGHT: Helmholtz Centre for Infection Research (HZI)
PUBLICATION: doi:10.3390/molecules23020369
COMMENT: Converted from Bruker MetaboScape .library export
CH$NAME: Aethiopinolone A
CH$FORMULA: C21H30O5
CH$EXACT_MASS: 362.2093
CH$SMILES: C
CH$IUPAC: InChI=1S/C21H30O5/c1-11(22)18-17(25)9-13-14-10-16(24)15-8-12(23)4-5-20(15,3)21(14,26)7-6-19(13,18)2/h10,12-13,15,17-18,23,25-26H,4-9H2,1-3H3/t12-,13-,15+,17+,18-,19-,20-,21+/m0/s1
CH$LINK: INCHIKEY XRQFYNJEWGIVRD-SVPJLXCXSA-N
SP$SCIENTIFIC_NAME: Fomitiporia aethiopica
AC$INSTRUMENT: timsTOF Pro, Bruker Daltonics
AC$INSTRUMENT_TYPE: TIMS-TOF
AC$MASS_SPECTROMETRY: MS_TYPE MS2
AC$MASS_SPECTROMETRY: ION_MODE POSITIVE
AC$MASS_SPECTROMETRY: COLLISION_ENERGY 34.44186046511628
AC$MASS_SPECTROMETRY: CCS 185.20907592773438
MS$FOCUSED_ION: BASE_PEAK 345.20604
MS$FOCUSED_ION: PRECURSOR_M/Z 345.20604
MS$FOCUSED_ION: PRECURSOR_TYPE [M+H-H2O]+
MS$DATA_PROCESSING: Converted with library_to_massbank.py
PK$SPLASH: splash10-00fr-0891000000-2a4117a25527389c6b9c
PK$NUM_PEAK: 168
PK$PEAK: m/z int. rel.int.
  115.05359 0.0361757 36
  123.04511 0.0436405 44
  123.08155 0.089578 89
  123.08675 0.0321562 32
  129.07038 0.0330175 33
  130.07997 0.0244042 24
  131.08354 0.118289 118
  131.08708 0.118289 118
  131.38021 0.00890037 9
  133.09986 0.0350273 35
  144.09911 0.0436405 44
  145.06298 0.122595 122
  145.06727 0.122595 122
  145.09904 0.0677577 68
  148.08645 0.0206718 21
  152.49114 0.00890037 9
  153.06925 0.0344531 34
  154.07531 0.0482343 48
  155.08272 0.0746483 75
  155.08857 0.0341659 34
  158.07539 0.0482343 48
  158.43550 0.0126328 13
  159.07606 0.0353144 35
  159.11947 0.0244042 24
  160.08385 0.0358886 36
  160.09177 0.0407695 41
  161.09482 0.0261269 26
  165.06703 0.0795291 79
  165.07603 0.0195234 20
  166.07682 0.0508183 51
  167.08385 0.0189492 19
  168.09028 0.0137812 14
  171.07972 0.0611542 61
  172.08981 0.0522538 52
  173.09652 1 999
  173.10462 0.0691932 69
  174.10149 0.120011 120
  175.11204 0.10824 108
  175.11558 0.10824 108
  180.09111 0.0488085 49
  181.09916 0.0849842 85
  181.10478 0.0864198 86
  181.52049 0.00861326 9
  182.10983 0.0551249 55
  183.08551 0.0229687 23
  183.11937 0.0310078 31
  183.13207 0.0226816 23
  185.09538 0.052828 53
  185.10176 0.0192363 19
  187.07557 0.00918748 9
  187.11408 0.063451 63
  188.11681 0.0651737 65
  189.08781 0.0312949 31
  191.10807 0.436118 436
  192.08731 0.0668964 67
  192.09382 0.0312949 31
  192.10683 0.0109101 11
  192.21308 0.00602929 6
  192.45839 0.0120586 12
  193.10109 0.0255527 26
  194.10865 0.0416308 42
  195.08202 0.0180879 18
  195.11672 0.150158 150
  195.12353 0.0356015 36
  196.08750 0.0645995 65
  196.12303 0.0852713 85
  197.09555 0.0824002 82
  197.13235 0.073787 74
  199.10830 0.0539765 54
  199.73687 0.0100488 10
  201.12761 0.0318691 32
  204.09336 0.0203847 20
  205.12709 0.0327304 33
  207.11359 0.0631639 63
  208.09048 0.0206718 21
  208.11982 0.0493827 49
  209.09582 0.0803905 80
  209.10261 0.0295722 30
  209.13201 0.0470858 47
  210.10585 0.0255527 26
  211.10922 0.0221074 22
  212.11726 0.0212461 21
  213.08888 0.0109101 11
  213.12896 0.0548378 55
  214.13596 0.0324433 32
  215.10989 0.0287109 29
  215.14201 0.0327304 33
  216.09293 0.0241171 24
  217.10356 0.0223945 22
  217.12431 0.0278496 28
  218.10500 0.0338788 34
  219.07865 0.0198105 20
  219.11106 0.0186621 19
  220.12505 0.0625897 63
  221.11850 0.0203847 20
  221.13347 0.0677577 68
  223.11245 0.154752 155
  223.15091 0.128912 129
  224.11927 0.052828 53
  224.15304 0.0901522 90
  225.12671 0.232271 232
  225.16083 0.0301464 30
  225.97604 0.00832616 8
  226.13380 0.173127 173
  226.14537 0.0356015 36
  227.10849 0.0232558 23
  227.13979 0.0539765 54
  233.04718 0.00574218 6
  233.08300 0.0255527 26
  233.13288 0.182314 182
  233.13695 0.182314 182
  233.71628 0.0155039 15
  234.13975 0.0373241 37
  235.11013 0.0304335 30
  235.15091 0.0307206 31
  236.11693 0.0668964 67
  236.12819 0.0267011 27
  237.12514 0.052828 53
  237.16435 0.0562733 56
  238.09607 0.0353144 35
  238.13469 0.0120586 12
  238.16607 0.00918748 9
  238.41478 0.0097617 10
  239.10847 0.0419179 42
  239.14636 0.100775 101
  239.18104 0.0192363 19
  241.11852 0.0436405 44
  241.15672 0.0301464 30
  242.12448 0.0364628 36
  243.13651 0.0729256 73
  244.12692 0.0203847 20
  247.14727 0.0244042 24
  248.11958 0.0378984 38
  248.15654 0.0221074 22
  249.12342 0.0525409 52
  249.13082 0.0304335 30
  249.16346 0.0890037 89
  249.44448 0.010623 11
  250.13322 0.0694803 69
  251.14201 0.353144 353
  252.15179 0.0935975 94
  256.17951 0.0356015 36
  259.13730 0.0178007 18
  261.14808 0.0232558 23
  262.13486 0.0404823 40
  263.17905 0.0812518 81
  265.16082 0.103072 103
  266.16512 0.230548 230
  266.17458 0.031582 32
  267.13756 0.0258398 26
  267.17255 0.247488 247
  268.17748 0.0378984 38
  269.15086 0.0453632 45
  272.13594 0.0203847 20
  276.15131 0.0367499 37
  279.17126 0.0120586 12
  285.19110 0.0333046 33
  291.17452 0.0488085 49
  294.15478 0.0229687 23
  299.20385 0.0203847 20
  309.18438 0.301464 301
  310.18616 0.0651737 65
  310.20458 0.0126328 13
  310.68689 0.0097617 10
  326.18328 0.0301464 30
  327.19422 0.411714 411
  328.19780 0.0964686 96
  345.20698 0.0677577 68
//