ACCESSION: MycoMSB-HZI-000918
RECORD_TITLE: Melleolide I; timsTOF; MS2; CE:34.25581395348837; [M+H-2H2O]+
DATE: 2026.06.26
AUTHORS: Charrià-Girón E, Surup F
LICENSE: CC BY
COPYRIGHT: Helmholtz Centre for Infection Research (HZI)
SP$SCIENTIFIC_NAME: Armillaria novae-zelandiae
PUBLICATION: doi:10.7164/antibiotics.53.137
COMMENT: Converted from Bruker MetaboScape .library export
CH$NAME: Melleolide I
CH$COMPOUND_CLASS: Terpenoids
CH$FORMULA: C24H31ClO7
CH$EXACT_MASS: 466.1758
CH$SMILES: CC1=C(C(=CC(=C1Cl)OC)O)C(=O)OC2(CC3(C)C4(C(C=C(CO)C23O)(CC(C)(C)C4(O)[H])[H])[H])[H]
CH$IUPAC: InChI=1S/C24H31ClO7/c1-11-17(14(27)7-15(31-5)19(11)25)21(29)32-16-9-23(4)18-12(8-22(2,3)20(18)28)6-13(10-26)24(16,23)30/h6-7,12,16,18,20,26-28,30H,8-10H2,1-5H3
CH$LINK: INCHIKEY UMEBHTBMSZKYQM-UEXMDZLUSA-N
AC$INSTRUMENT: timsTOF Pro, Bruker Daltonics
AC$INSTRUMENT_TYPE: timsTOF
AC$MASS_SPECTROMETRY: MS_TYPE MS2
AC$MASS_SPECTROMETRY: ION_MODE POSITIVE
AC$MASS_SPECTROMETRY: COLLISION_ENERGY 34.25581395348837
AC$MASS_SPECTROMETRY: CCS 169.98597717285156
MS$FOCUSED_ION: BASE_PEAK 431.16198
MS$FOCUSED_ION: PRECURSOR_M/Z 431.16198
MS$FOCUSED_ION: PRECURSOR_TYPE [M+H-2H2O]+
MS$DATA_PROCESSING: Converted with library_to_massbank.py
PK$SPLASH: splash10-0002-0931100000-8638161a1d0ff7482ae4
PK$NUM_PEAK: 102
PK$PEAK: m/z int. rel.int.
  103.00215 0.00947368 9
  107.24878 0.00947368 9
  111.23778 0.00947368 9
  120.90207 0.00947368 9
  129.42678 0.00947368 9
  133.10054 0.167368 167
  149.93523 0.00947368 9
  159.08211 0.0715789 72
  169.10574 0.114737 115
  172.12144 0.12 120
  185.00350 0.111579 111
  187.14791 0.122105 122
  196.09435 0.0621053 62
  199.01424 1 999
  201.01166 0.101053 101
  203.68844 0.00947368 9
  211.01531 0.0336842 34
  215.14122 0.118947 119
  215.15728 0.0368421 37
  217.15115 0.138947 139
  221.65061 0.00947368 9
  225.03083 0.124211 124
  229.59419 0.00947368 9
  235.14267 0.00947368 9
  238.54172 0.00947368 9
  246.59063 0.00947368 9
  259.73052 0.00947368 9
  262.36902 0.00947368 9
  264.99029 0.00947368 9
  273.21146 0.00947368 9
  305.34789 0.00947368 9
  311.12590 0.0926316 93
  327.08247 0.0726316 73
  340.85141 0.00947368 9
  345.74356 0.00947368 9
  377.73524 0.00947368 9
  378.81829 0.00947368 9
  380.14074 0.0589474 59
  385.64400 0.00947368 9
  398.39412 0.00947368 9
  405.90671 0.00947368 9
  413.16051 0.167368 167
  417.65073 0.00947368 9
  444.98735 0.00947368 9
  445.40981 0.00947368 9
  460.56370 0.00947368 9
  465.14040 0.00947368 9
  469.31945 0.00947368 9
  471.85759 0.00947368 9
  478.82828 0.00947368 9
  482.00993 0.0105263 11
  491.96150 0.00947368 9
  514.70390 0.00947368 9
  515.69802 0.00947368 9
  530.41153 0.00947368 9
  581.13979 0.00947368 9
  598.59585 0.00947368 9
  635.05134 0.00947368 9
  644.11423 0.00947368 9
  683.99922 0.00947368 9
  714.50689 0.00947368 9
  742.52266 0.00947368 9
  775.13072 0.00947368 9
  781.23967 0.00947368 9
  807.67471 0.00947368 9
  841.83166 0.00947368 9
  851.75920 0.00947368 9
  868.80324 0.00947368 9
  874.27079 0.00947368 9
  881.64946 0.00947368 9
  922.06431 0.00947368 9
  967.38959 0.00947368 9
  1119.16434 0.00947368 9
  1119.66675 0.00947368 9
  1138.56767 0.00947368 9
  1140.48971 0.00947368 9
  1145.46070 0.00947368 9
  1158.26552 0.00947368 9
  1177.96047 0.00947368 9
  1207.47718 0.00947368 9
  1234.49955 0.00947368 9
  1286.58949 0.00947368 9
  1293.49424 0.00947368 9
  1298.71453 0.00947368 9
  1300.42875 0.00947368 9
  1343.19317 0.00947368 9
  1403.12381 0.00947368 9
  1436.55426 0.00947368 9
  1448.45388 0.00947368 9
  1450.24633 0.00947368 9
  1475.42102 0.00947368 9
  1509.21089 0.00947368 9
  1511.49661 0.00947368 9
  1528.67129 0.00947368 9
  1536.80389 0.00947368 9
  1593.99269 0.00947368 9
  1608.45784 0.00947368 9
  1626.12176 0.00947368 9
  1639.97773 0.00947368 9
  1723.90636 0.00947368 9
  1752.44402 0.00947368 9
  1774.67966 0.00947368 9
//