ACCESSION: MycoMSB-HZI-003018
RECORD_TITLE: Zopfinol; timsTOF; MS2; CE:35.18604651162791; [M+H-H2O]+
DATE: 2026.06.26
AUTHORS: Charrià-Girón E, Surup F
LICENSE: CC BY
COPYRIGHT: Helmholtz Centre for Infection Research (HZI)
PUBLICATION: doi:10.3390/jof7030181
COMMENT: Converted from Bruker MetaboScape .library export
CH$NAME: Zopfinol
CH$FORMULA: C18H25ClO4
CH$EXACT_MASS: 340.1441
CH$SMILES: CCCCC/C=C/C(C(/C=C/C1=C(C(=C(C=C1)Cl)O)CO)O)O
CH$IUPAC: InChI=1S/C18H25ClO4/c1-2-3-4-5-6-7-16(21)17(22)11-9-13-8-10-15(19)18(23)14(13)12-20/h6-11,16-17,20-23H,2-5,12H2,1H3/b7-6+,11-9+
CH$LINK: INCHIKEY XQRSBCSTXRDZSA-RXUIJTJXSA-N
SP$SCIENTIFIC_NAME: Pseudorhypophila Mangenotii
AC$INSTRUMENT: timsTOF Pro, Bruker Daltonics
AC$INSTRUMENT_TYPE: TIMS-TOF
AC$MASS_SPECTROMETRY: MS_TYPE MS2
AC$MASS_SPECTROMETRY: ION_MODE POSITIVE
AC$MASS_SPECTROMETRY: COLLISION_ENERGY 35.18604651162791
AC$MASS_SPECTROMETRY: CCS 203.5908203125
MS$FOCUSED_ION: BASE_PEAK 323.14085
MS$FOCUSED_ION: PRECURSOR_M/Z 323.14085
MS$FOCUSED_ION: PRECURSOR_TYPE [M+H-H2O]+
MS$DATA_PROCESSING: Converted with library_to_massbank.py
PK$SPLASH: splash10-00bd-1978223312-f369548d36cc4f8d1a55
PK$NUM_PEAK: 91
PK$PEAK: m/z int. rel.int.
  103.04848 0.0762712 76
  105.55978 0.0762712 76
  124.33400 0.0762712 76
  147.27457 0.0762712 76
  169.55548 0.0762712 76
  174.09095 0.677966 677
  189.12201 0.0762712 76
  198.00503 0.686441 686
  226.21820 1 999
  231.59273 0.0762712 76
  234.71687 0.0762712 76
  238.18050 0.0847458 85
  239.58274 0.0762712 76
  283.84815 0.0762712 76
  294.49834 0.0762712 76
  307.22811 0.0762712 76
  311.04549 0.0762712 76
  316.32035 0.0762712 76
  322.68400 0.0762712 76
  325.15017 0.0762712 76
  331.54462 0.0762712 76
  338.79554 0.0762712 76
  344.29390 0.864407 864
  344.82235 0.0762712 76
  362.03011 0.0762712 76
  376.76079 0.0762712 76
  415.50373 0.0762712 76
  415.55475 0.0762712 76
  450.67990 0.0762712 76
  456.04886 0.0762712 76
  495.45436 0.0762712 76
  507.60284 0.0762712 76
  525.93641 0.0762712 76
  553.75943 0.0762712 76
  572.97606 0.0762712 76
  596.25780 0.0762712 76
  603.78312 0.0762712 76
  626.40732 0.0762712 76
  643.81523 0.0762712 76
  649.44763 0.0762712 76
  659.99815 0.0762712 76
  666.13670 0.0762712 76
  676.70743 0.0762712 76
  747.53114 0.0762712 76
  750.68218 0.0762712 76
  758.34752 0.0762712 76
  825.27280 0.0762712 76
  826.49554 0.0762712 76
  833.39934 0.0762712 76
  848.07643 0.0762712 76
  862.01800 0.0762712 76
  916.81678 0.0762712 76
  924.22043 0.0762712 76
  970.30029 0.0762712 76
  978.11207 0.0762712 76
  985.40514 0.0762712 76
  991.14878 0.0762712 76
  999.18232 0.0762712 76
  1033.99340 0.0762712 76
  1053.78451 0.0847458 85
  1057.85072 0.0762712 76
  1107.77644 0.0762712 76
  1134.02413 0.0762712 76
  1134.76172 0.0762712 76
  1155.80930 0.0762712 76
  1229.02381 0.0762712 76
  1281.31367 0.0762712 76
  1294.74207 0.0762712 76
  1300.21876 0.0762712 76
  1328.23162 0.0762712 76
  1371.00762 0.0762712 76
  1374.50816 0.0762712 76
  1386.59716 0.0762712 76
  1402.97197 0.0762712 76
  1418.77114 0.0762712 76
  1464.16636 0.0762712 76
  1523.65638 0.0762712 76
  1558.11517 0.0762712 76
  1570.78626 0.0762712 76
  1588.49229 0.0762712 76
  1622.23576 0.0762712 76
  1664.64575 0.0762712 76
  1667.55727 0.0762712 76
  1673.15759 0.0762712 76
  1702.95211 0.0762712 76
  1718.55748 0.0762712 76
  1721.28211 0.0762712 76
  1737.90995 0.0762712 76
  1738.92739 0.0762712 76
  1741.77256 0.0762712 76
  1746.44995 0.0762712 76
//