ACCESSION: MycoMSB-HZI-000166
RECORD_TITLE: (3aS,8R)-3a,5,5,8-tetramethyl-3,3a,4,5,7,8-hexahydro-1Hcyclopenta[de]isochromen-1-one; timsTOF; MS2; CE:35.112; [M+H]+
DATE: 2026.06.26
AUTHORS: Charrià-Girón E, Surup F
LICENSE: CC BY
COPYRIGHT: Helmholtz Centre for Infection Research (HZI)
SP$SCIENTIFIC_NAME: Hypoxylon rickii
PUBLICATION: doi:10.1016/j.phytochem.2015.06.002
COMMENT: Converted from Bruker MetaboScape .library export
CH$NAME: (3aS,8R)-3a,5,5,8-tetramethyl-3,3a,4,5,7,8-hexahydro-1Hcyclopenta[de]isochromen-1-one
CH$COMPOUND_CLASS: Terpenoids
CH$FORMULA: C15H20O2
CH$EXACT_MASS: 232.1463
CH$SMILES: C1(C2=C3C(=CC1)C(CC3(COC2=O)C)(C)C)C
CH$IUPAC: InChI=1S/C15H20O2/c1-9-5-6-10-12-11(9)13(16)17-8-15(12,4)7-14(10,2)3/h6,9H,5,7-8H2,1-4H3/t9?,15-/m1/s1
CH$LINK: INCHIKEY PCEVLQFNPPWJEB-NZDRZINCSA-N
AC$INSTRUMENT: timsTOF Pro, Bruker Daltonics
AC$INSTRUMENT_TYPE: timsTOF
AC$MASS_SPECTROMETRY: MS_TYPE MS2
AC$MASS_SPECTROMETRY: ION_MODE POSITIVE
AC$MASS_SPECTROMETRY: COLLISION_ENERGY 35.112
AC$MASS_SPECTROMETRY: CCS 152.85604858398438
MS$FOCUSED_ION: BASE_PEAK 233.15361
MS$FOCUSED_ION: PRECURSOR_M/Z 233.15361
MS$FOCUSED_ION: PRECURSOR_TYPE [M+H]+
MS$DATA_PROCESSING: Converted with library_to_massbank.py
PK$SPLASH: splash10-05mk-0900000000-f7de2a759ea542aa840f
PK$NUM_PEAK: 118
PK$PEAK: m/z int. rel.int.
  55.05340 0.0380826 38
  57.06844 0.00838169 8
  59.04851 0.00689187 7
  67.05333 0.0100501 10
  69.06939 0.0233549 23
  76.92669 0.00513317 5
  77.03858 0.0303401 30
  79.05364 0.0357794 36
  81.07017 0.0240952 24
  82.07334 0.00653324 7
  83.08452 0.00666867 7
  91.05583 0.305022 305
  92.05894 0.0262276 26
  93.06898 0.0979121 98
  94.07361 0.0113541 11
  95.08555 0.0489532 49
  97.09893 0.00604061 6
  103.05399 0.074576 75
  104.05964 0.0364524 36
  105.06794 0.795477 795
  105.07929 0.00675298 7
  106.07342 0.0660347 66
  107.08370 0.0582452 58
  108.08913 0.00671866 7
  109.10100 0.0100457 10
  111.04434 0.00571615 6
  115.05460 0.118466 118
  116.06124 0.0518238 52
  117.06922 0.32498 325
  118.07418 0.0530059 53
  119.04909 0.00836046 8
  119.08448 1 999
  120.08923 0.109723 110
  121.06457 0.0753727 75
  121.10037 0.0544143 54
  122.06799 0.00517847 5
  125.05650 0.0061219 6
  127.05414 0.00715562 7
  128.06174 0.0330102 33
  129.06927 0.0720528 72
  130.07775 0.0719057 72
  131.04998 0.143775 144
  131.08470 0.391999 392
  132.05262 0.0246896 25
  132.09049 0.0795131 79
  133.06648 0.00544403 5
  133.10115 0.240344 240
  134.10537 0.0399568 40
  135.04405 0.00519246 5
  135.07984 0.033844 34
  135.11608 0.0144871 14
  141.06927 0.0129081 13
  142.07868 0.0206624 21
  143.08443 0.0983303 98
  144.09232 0.0510749 51
  145.06492 0.587624 587
  145.10104 0.499416 499
  145.11227 0.0147891 15
  146.06891 0.0970863 97
  146.10528 0.100077 100
  147.07767 0.0169884 17
  147.11796 0.173755 174
  148.08195 0.00539668 5
  148.12169 0.0287359 29
  149.06068 0.350132 350
  149.09590 0.0117504 12
  150.06320 0.0398378 40
  154.94109 0.00504393 5
  155.08618 0.0430732 43
  156.09028 0.0199027 20
  157.10350 0.117478 117
  158.07251 0.0343767 34
  158.10777 0.0788129 79
  159.08036 0.259111 259
  159.11785 0.222736 223
  160.08486 0.0703289 70
  160.12138 0.0410567 41
  161.09666 0.0220749 22
  161.13202 0.0278938 28
  162.13499 0.00657184 7
  163.07849 0.397437 397
  163.11445 0.00659285 7
  164.07885 0.0617395 62
  165.08376 0.0102996 10
  167.08630 0.012298 12
  169.10349 0.0329853 33
  170.10786 0.00555031 6
  171.07929 0.00958782 10
  171.11692 0.00848746 8
  172.08713 0.00902305 9
  172.12517 0.0810952 81
  173.09630 0.0939362 94
  173.13176 0.121382 121
  174.10032 0.0130939 13
  174.13848 0.035989 36
  175.11213 0.00892676 9
  177.09156 0.125664 126
  177.16478 0.0126056 13
  178.09483 0.0189773 19
  179.09620 0.00583119 6
  182.10952 0.0158383 16
  185.09726 0.00879243 9
  185.13398 0.00525243 5
  186.10417 0.011925 12
  187.10865 0.0102126 10
  187.14872 0.169181 169
  188.15227 0.0386934 39
  189.09088 0.0136656 14
  189.16532 0.0349477 35
  190.16647 0.00620824 6
  191.10779 0.0337982 34
  197.13226 0.0167495 17
  200.11899 0.0165362 17
  205.15950 0.0210039 21
  215.14459 0.0342532 34
  216.14800 0.00574548 6
  233.15423 0.043574 44
  234.15828 0.00932494 9
//