ACCESSION: MycoMSB-HZI-003096
RECORD_TITLE: Gibberellic acid; timsTOF; MS2; CE:34.0; [M+H-H2O]+
DATE: 2026.06.26
AUTHORS: Charrià-Girón E, Surup F
LICENSE: CC BY
COPYRIGHT: Helmholtz Centre for Infection Research (HZI)
PUBLICATION: doi:10.1007/BF00357571
COMMENT: Converted from Bruker MetaboScape .library export
CH$NAME: Gibberellic acid
CH$FORMULA: C19H22O6
CH$EXACT_MASS: 346.1416
CH$SMILES: C[C@@]12[C@H](C=C[C@@]3([C@@H]1[C@@H]([C@]45[C@H]3CC[C@](C4)(C(=C)C5)O)C(=O)O)OC2=O)O
CH$IUPAC: InChI=1S/C19H22O6/c1-9-7-17-8-18(9,24)5-3-10(17)19-6-4-11(20)16(2,15(23)25-19)13(19)12(17)14(21)22/h4,6,10-13,20,24H,1,3,5,7-8H2,2H3,(H,21,22)/t10-,11+,12-,13-,16-,17+,18+,19-/m1/s1
CH$LINK: INCHIKEY IXORZMNAPKEEDV-OBDJNFEBSA-N
SP$SCIENTIFIC_NAME: Fusarium moniliforme
AC$INSTRUMENT: timsTOF Pro, Bruker Daltonics
AC$INSTRUMENT_TYPE: TIMS-TOF
AC$MASS_SPECTROMETRY: MS_TYPE MS2
AC$MASS_SPECTROMETRY: ION_MODE POSITIVE
AC$MASS_SPECTROMETRY: COLLISION_ENERGY 34.0
AC$MASS_SPECTROMETRY: CCS 180.56494140625
MS$FOCUSED_ION: BASE_PEAK 329.13835
MS$FOCUSED_ION: PRECURSOR_M/Z 329.13835
MS$FOCUSED_ION: PRECURSOR_TYPE [M+H-H2O]+
MS$DATA_PROCESSING: Converted with library_to_massbank.py
PK$SPLASH: splash10-05dl-0971000000-0451c2873899e8387b21
PK$NUM_PEAK: 105
PK$PEAK: m/z int. rel.int.
  104.93650 0.00564972 6
  108.00956 0.00564972 6
  134.58963 0.00564972 6
  135.06186 0.00564972 6
  143.08767 0.179535 179
  145.06426 0.107972 108
  149.05906 0.0991839 99
  151.05758 0.0991839 99
  155.08480 0.0772128 77
  165.07176 0.0665411 66
  166.08017 0.0778406 78
  167.08558 0.0721908 72
  169.10664 0.105461 105
  169.92420 0.0364093 36
  171.08230 0.0615191 61
  173.79159 0.00564972 6
  174.24555 0.00564972 6
  178.07864 0.376648 376
  178.67134 0.0408035 41
  179.08222 0.454488 454
  179.08742 0.454488 454
  180.09351 0.220339 220
  181.09655 0.0433145 43
  182.10625 0.0156937 16
  183.11665 0.0602637 60
  186.06216 0.0571249 57
  190.07783 0.0552417 55
  191.08506 0.112367 112
  192.08874 0.0257376 26
  192.09741 0.0753296 75
  192.11259 0.0169492 17
  193.10132 0.903327 902
  194.10369 0.0860013 86
  195.05939 0.00564972 6
  195.08219 0.110483 110
  195.12187 0.138104 138
  195.45283 0.00564972 6
  197.08762 0.0966729 97
  197.09641 0.0615191 61
  204.09247 0.04457 45
  206.11025 0.689893 689
  207.11141 0.081607 82
  208.08730 0.0621469 62
  209.09714 0.0596359 60
  211.11435 0.132454 132
  213.98850 0.0163214 16
  217.08641 0.0539862 54
  219.11929 0.0508475 51
  221.03836 0.00627746 6
  221.13395 1 999
  221.83443 0.0144382 14
  221.97890 0.0301318 30
  222.10710 0.0558694 56
  222.13670 0.239799 240
  223.07326 0.0665411 66
  223.11265 0.156309 156
  223.14803 0.0747018 75
  224.08248 0.123666 124
  227.10643 0.104206 104
  228.24975 0.00564972 6
  231.67499 0.00564972 6
  237.09426 0.0194601 19
  239.14354 0.0778406 78
  239.15080 0.0389203 39
  247.10876 0.201507 201
  251.10364 0.0458255 46
  255.14270 0.0715631 71
  264.95722 0.0112994 11
  265.11765 0.052103 52
  265.12784 0.0621469 62
  267.13610 0.0295041 29
  283.09590 0.0747018 75
  298.40171 0.00564972 6
  311.12755 0.291274 291
  311.13069 0.291274 291
  311.14833 0.0219711 22
  312.13691 0.0489642 49
  312.29998 0.00564972 6
  313.64487 0.00690521 7
  323.14003 0.00564972 6
  348.67348 0.00564972 6
  356.36807 0.00564972 6
  395.49073 0.00564972 6
  423.23610 0.00564972 6
  441.17282 0.00564972 6
  472.66506 0.00564972 6
  484.83547 0.00564972 6
  495.01443 0.00564972 6
  505.22883 0.00564972 6
  728.90319 0.00564972 6
  821.05734 0.00564972 6
  840.66141 0.00564972 6
  842.24046 0.00564972 6
  948.42256 0.00564972 6
  995.33098 0.00564972 6
  1037.37767 0.00564972 6
  1052.76537 0.00627746 6
  1054.61870 0.00564972 6
  1415.04970 0.00564972 6
  1473.49467 0.00564972 6
  1476.40230 0.00564972 6
  1549.60526 0.00564972 6
  1579.00440 0.00564972 6
  1618.53232 0.00564972 6
  1665.35947 0.00564972 6
//