ACCESSION: MycoMSB-HZI-000372
RECORD_TITLE: Sparticolin A; timsTOF; MS2; CE:33.83720930232558; [M+H]+
DATE: 2026.06.26
AUTHORS: Charrià-Girón E, Surup F
LICENSE: CC BY
COPYRIGHT: Helmholtz Centre for Infection Research (HZI)
SP$SCIENTIFIC_NAME: Sparticola junci
PUBLICATION: doi:10.1021/acs.jnatprod.9b00604
COMMENT: Converted from Bruker MetaboScape .library export
CH$NAME: Sparticolin A
CH$FORMULA: C19H14O5
CH$EXACT_MASS: 322.0841
CH$SMILES: C1=CC2=C3C(=C1)OC4(C=C[C@@H](C4=C/C=C/C(=O)O)O)OC3=CC=C2
CH$IUPAC: InChI=1S/C19H14O5/c20-14-10-11-19(13(14)6-3-9-17(21)22)23-15-7-1-4-12-5-2-8-16(24-19)18(12)15/h1-11,14,20H,(H,21,22)/b9-3+,13-6?/t14-/m0/s1
CH$LINK: INCHIKEY SURWZKAHNYUGSO-FWTPWJSVSA-N
AC$INSTRUMENT: timsTOF Pro, Bruker Daltonics
AC$INSTRUMENT_TYPE: timsTOF
AC$MASS_SPECTROMETRY: MS_TYPE MS2
AC$MASS_SPECTROMETRY: ION_MODE POSITIVE
AC$MASS_SPECTROMETRY: COLLISION_ENERGY 33.83720930232558
AC$MASS_SPECTROMETRY: CCS 174.66551208496094
MS$FOCUSED_ION: BASE_PEAK 323.09140
MS$FOCUSED_ION: PRECURSOR_M/Z 323.09140
MS$FOCUSED_ION: PRECURSOR_TYPE [M+H]+
MS$DATA_PROCESSING: Converted with library_to_massbank.py
PK$SPLASH: splash10-03xr-0190000000-d29e18c5d363bdd8d3d7
PK$NUM_PEAK: 94
PK$PEAK: m/z int. rel.int.
  107.04783 0.00630269 6
  107.05107 0.00630269 6
  115.05484 0.139564 139
  116.05648 0.0141771 14
  117.03476 0.0121767 12
  118.04008 0.00574704 6
  119.05023 0.0414517 41
  127.05392 0.014447 14
  131.04923 0.0262744 26
  135.04410 0.0115893 12
  139.05528 0.00641382 6
  141.06880 0.00804902 8
  141.07217 0.00804902 8
  143.04771 0.0119068 12
  144.05678 0.0113194 11
  145.02835 0.0266554 27
  152.06318 0.00954135 10
  155.04900 0.0731715 73
  159.04441 0.0234962 23
  160.04635 0.00512788 5
  163.03983 0.00777914 8
  165.06926 0.0155424 16
  168.05643 0.0363714 36
  169.06038 0.0069536 7
  169.06640 0.00668371 7
  170.03493 0.00844592 8
  171.04489 0.0210195 21
  178.07817 0.0126054 13
  179.08330 0.00808078 8
  181.06508 0.010224 10
  183.04648 0.0125895 13
  187.03856 0.0440394 44
  187.04532 0.0086523 9
  188.04287 0.00769976 8
  188.06317 0.00612805 6
  189.06962 0.0749655 75
  190.07739 0.147518 147
  191.08247 0.026846 27
  192.05289 0.00512788 5
  192.05756 0.00512788 5
  195.04451 0.0179079 18
  196.05216 0.00796965 8
  201.06954 0.0126213 13
  202.07742 0.155043 155
  203.08449 0.196304 196
  204.09270 0.0753941 75
  205.06432 0.0264491 26
  205.10080 0.126832 127
  206.07477 0.0174475 17
  206.10381 0.0265602 27
  209.05884 0.0187334 19
  209.06629 0.0080014 8
  211.03760 0.019305 19
  213.05404 0.0462938 46
  213.07126 0.0236867 24
  214.07675 0.0393243 39
  215.08533 0.773484 773
  215.10269 0.0103351 10
  216.08829 0.132245 132
  218.07234 0.197114 197
  219.07885 0.0362127 36
  220.05330 0.00749337 7
  221.09708 0.0100335 10
  229.06501 0.00758863 8
  230.07563 0.0123831 12
  231.08057 0.291543 291
  232.08758 0.144946 145
  233.05865 0.00855705 9
  233.09579 0.134404 134
  234.06721 0.0138754 14
  234.09907 0.0141453 14
  235.07416 0.0117005 12
  237.05422 0.0515487 51
  238.05700 0.00517551 5
  242.07288 0.0341171 34
  243.07937 0.162393 162
  244.08796 0.0741399 74
  245.09272 0.0110813 11
  246.06798 0.0123831 12
  247.07452 0.0056359 6
  249.09181 0.013415 13
  258.06640 0.017257 17
  259.07421 0.174634 174
  260.07555 0.165743 166
  260.08226 0.193859 194
  260.09825 0.00592167 6
  261.09051 1 999
  261.11002 0.0231469 23
  262.09430 0.139564 139
  277.08464 0.0156377 16
  287.06949 0.403674 403
  288.07385 0.0746956 75
  305.08157 0.217355 217
  306.08434 0.0514852 51
//