ACCESSION: MycoMSB-HZI-000149
RECORD_TITLE: (3aS)-7-hydroxy-3a,5,5,8-tetramethyl-3,3a,4,5-tetrahydro-1Hcyclopenta[de]isochromen-1-one; timsTOF; MS2; CE:35.112; [M+H-H2O]+
DATE: 2026.06.26
AUTHORS: Charrià-Girón E, Surup F
LICENSE: CC BY
COPYRIGHT: Helmholtz Centre for Infection Research (HZI)
SP$SCIENTIFIC_NAME: Hypoxylon rickii
PUBLICATION: doi:10.1016/j.phytochem.2015.06.002
COMMENT: Converted from Bruker MetaboScape .library export
CH$NAME: (3aS)-7-hydroxy-3a,5,5,8-tetramethyl-3,3a,4,5-tetrahydro-1Hcyclopenta[de]isochromen-1-one
CH$COMPOUND_CLASS: Terpenoids
CH$FORMULA: C15H18O3
CH$EXACT_MASS: 246.1256
CH$SMILES: C1(=CC=C2C3=C1C(OCC3(CC2(C)C)C)=O)C
CH$IUPAC: InChI=1S/C15H18O2/c1-9-5-6-10-12-11(9)13(16)17-8-15(12,4)7-14(10,2)3/h5-6H,7-8H2,1-4H3/t15-/m1/s1
CH$LINK: INCHIKEY CAMCSBCRRUTMEK-OAHLLOKOSA-N
AC$INSTRUMENT: timsTOF Pro, Bruker Daltonics
AC$INSTRUMENT_TYPE: timsTOF
AC$MASS_SPECTROMETRY: MS_TYPE MS2
AC$MASS_SPECTROMETRY: ION_MODE POSITIVE
AC$MASS_SPECTROMETRY: COLLISION_ENERGY 35.112
AC$MASS_SPECTROMETRY: CCS 149.64962768554688
MS$FOCUSED_ION: BASE_PEAK 229.12231
MS$FOCUSED_ION: PRECURSOR_M/Z 229.12231
MS$FOCUSED_ION: PRECURSOR_TYPE [M+H-H2O]+
MS$DATA_PROCESSING: Converted with library_to_massbank.py
PK$SPLASH: splash10-00di-0910000000-675f9627f90c1670bb9c
PK$NUM_PEAK: 105
PK$PEAK: m/z int. rel.int.
  55.01866 0.00942049 9
  67.05456 0.00535039 5
  69.03288 0.0232471 23
  77.03865 0.0180081 18
  78.04246 0.00735115 7
  91.05618 0.0551369 55
  93.07038 0.022621 23
  105.06931 0.0667775 67
  107.04836 0.0154757 15
  115.05295 0.0517323 52
  116.06503 0.0385383 38
  117.06995 0.0690089 69
  119.04725 0.0200442 20
  119.08497 0.0446626 45
  121.06533 0.0543452 54
  122.07164 0.00659575 7
  127.05428 0.0270791 27
  128.05934 0.0974274 97
  129.06857 0.129961 130
  130.07529 0.0549576 55
  131.04734 0.0251385 25
  131.08456 0.183055 183
  132.08878 0.0171036 17
  133.06328 0.0050358 5
  133.10372 0.0138049 14
  134.10535 0.00519667 5
  141.06942 0.138751 139
  142.07624 0.0591605 59
  143.08521 0.155353 155
  144.05782 0.120677 121
  144.09270 0.108079 108
  145.06432 0.173723 174
  145.10020 0.141794 142
  146.07162 0.0734308 73
  146.10499 0.0200067 20
  147.07674 0.0624636 62
  152.06245 0.00972806 10
  153.07034 0.0748298 75
  154.07761 0.0573675 57
  155.05439 0.00540725 5
  155.08485 0.0930288 93
  156.09171 0.0354093 35
  157.06408 0.196398 196
  157.10093 0.0333833 33
  158.07357 0.339247 339
  158.11200 0.090765 91
  159.08004 0.480479 480
  159.11654 0.0882566 88
  160.08899 0.151352 151
  160.11950 0.0077023 8
  161.05872 0.0133796 13
  161.09444 0.0368741 37
  165.06918 0.0248738 25
  166.07893 0.0137422 14
  167.08612 0.0408868 41
  168.09229 0.0618296 62
  169.07537 0.02262 23
  169.10545 0.105861 106
  170.07459 0.0352556 35
  171.08042 0.451862 451
  172.05685 0.00789844 8
  172.08780 1 999
  173.06126 0.0487543 49
  173.09487 0.388501 388
  173.13446 0.0766692 77
  174.06722 0.0194475 19
  174.09572 0.0486741 49
  174.13505 0.0130396 13
  175.07265 0.0822022 82
  176.07744 0.00959504 10
  178.07785 0.0120566 12
  179.08080 0.00623596 6
  181.06485 0.0519701 52
  182.06960 0.00944583 9
  183.08039 0.0187648 19
  183.11518 0.0343945 34
  184.08629 0.0137315 14
  184.12090 0.0108061 11
  185.06028 0.0481255 48
  185.09641 0.16324 163
  186.06892 0.0196029 20
  186.10347 0.501101 501
  187.07493 0.234771 235
  187.11382 0.305109 305
  188.08045 0.0378099 38
  188.11209 0.0534343 53
  189.09087 0.0111846 11
  193.10132 0.0329381 33
  194.10300 0.00757005 8
  195.08199 0.0212478 21
  196.08799 0.0725254 72
  197.09371 0.0305634 31
  199.07495 0.314612 314
  199.11007 0.0240237 24
  200.08028 0.0813744 81
  200.11761 0.00918579 9
  201.09005 0.0519525 52
  201.12546 0.250238 250
  202.13037 0.0334931 33
  211.11289 0.0800779 80
  213.09495 0.0466776 47
  214.09889 0.128659 129
  215.10124 0.00697346 7
  229.12849 0.294739 294
  230.12583 0.074261 74
//