ACCESSION: MycoMSB-HZI-000710
RECORD_TITLE: Chetomin; timsTOF; MS2; CE:37.18604651162791; [M+H]+
DATE: 2026.06.26
AUTHORS: Unknown
LICENSE: CC BY
COPYRIGHT: Helmholtz Centre for Infection Research (HZI)
SP$SCIENTIFIC_NAME: Chaetomium cochliodes
PUBLICATION: doi:10.1021/acs.orglett.8b00304
COMMENT: Converted from Bruker MetaboScape .library export
CH$NAME: Chetomin
CH$COMPOUND_CLASS: Alkaloids / Amino acids and Peptides
CH$FORMULA: C31H30N6O6S4
CH$EXACT_MASS: 710.1110
CH$SMILES: CN1C(=O)[C@@]2(N(C(=O)[C@@]1(SS2)CC3=CN(C4=CC=CC=C43)[C@]56C[C@]78C(=O)N([C@@](C(=O)N7[C@H]5NC9=CC=CC=C69)(SS8)CO)C)C)CO
CH$IUPAC: InChI=1S/C31H30N6O6S4/c1-33-25(42)30(15-38)34(2)23(40)28(33,44-46-30)12-17-13-36(21-11-7-4-8-18(17)21)27-14-29-24(41)35(3)31(16-39,47-45-29)26(43)37(29)22(27)32-20-10-6-5-9-19(20)27/h4-11,13,22,32,38-39H,12,14-16H2,1-3H3/t22-,27+,28+,29+,30-,31-/m1/s1
CH$LINK: INCHIKEY ZRZWBWPDBOVIGQ-KIDIPURZSA-N
AC$INSTRUMENT: timsTOF Pro, Bruker Daltonics
AC$INSTRUMENT_TYPE: timsTOF
AC$MASS_SPECTROMETRY: MS_TYPE MS2
AC$MASS_SPECTROMETRY: ION_MODE POSITIVE
AC$MASS_SPECTROMETRY: COLLISION_ENERGY 37.18604651162791
AC$MASS_SPECTROMETRY: CCS 217.36000061035156
MS$FOCUSED_ION: BASE_PEAK 711.11824
MS$FOCUSED_ION: PRECURSOR_M/Z 711.11824
MS$FOCUSED_ION: PRECURSOR_TYPE [M+H]+
MS$DATA_PROCESSING: Converted with library_to_massbank.py
PK$SPLASH: splash10-001j-0393100000-f50ee08605222d026d8f
PK$NUM_PEAK: 162
PK$PEAK: m/z int. rel.int.
  118.06663 0.0113889 11
  125.07111 0.0212708 21
  126.05450 0.01213 12
  127.08662 0.0102278 10
  130.06544 0.0629231 63
  130.07769 0.00526212 5
  131.06910 0.005188 5
  139.05284 0.01255 13
  141.06607 0.0307574 31
  142.05034 0.00583033 6
  142.06400 0.00555858 6
  148.02145 0.0234201 23
  153.06727 0.0289787 29
  154.07360 0.0815011 81
  155.08201 0.135481 135
  156.07818 0.0110924 11
  156.08426 0.0125747 13
  158.05884 0.00612678 6
  159.02892 0.005188 5
  162.03541 0.00797964 8
  169.06169 0.035649 36
  170.05762 0.00758437 8
  170.06141 0.00758437 8
  171.07785 0.0463709 46
  181.05933 0.0139582 14
  182.06014 0.0240625 24
  182.06823 0.0686793 69
  182.08202 0.00560798 6
  183.05476 0.00978309 10
  183.07654 0.913904 913
  183.09350 0.0151687 15
  184.08095 0.0588962 59
  185.07458 0.0120065 12
  185.07763 0.0120065 12
  199.08710 0.0234942 23
  201.03267 0.0101537 10
  203.99446 0.00587974 6
  213.09991 0.0067197 7
  217.04496 0.017491 17
  228.11331 0.174959 175
  228.12125 0.0744602 74
  229.09865 0.00676911 7
  229.11596 0.0355255 35
  231.04734 0.0077326 8
  231.05787 0.089036 89
  231.09225 0.00657147 7
  232.05155 0.00847374 8
  232.05897 0.0149217 15
  232.06566 0.0149217 15
  232.09903 0.0565739 57
  233.05427 0.00536094 5
  233.10409 0.00923959 9
  233.11319 0.00728791 7
  239.08101 0.00904195 9
  241.09596 0.0209497 21
  242.12978 0.0146499 15
  249.01602 0.030461 30
  252.11263 0.0128465 13
  254.08773 0.0077573 8
  254.09416 0.0077573 8
  254.10118 0.00617619 6
  254.12927 0.0543752 54
  255.09988 0.0263847 26
  255.13001 0.00847374 8
  256.10747 0.087282 87
  257.11071 0.0087949 9
  265.08408 0.00669499 7
  266.09204 0.0534611 53
  267.09654 0.0136617 14
  269.11554 0.016231 16
  270.12302 0.196601 196
  271.12604 0.0298681 30
  280.10682 0.020752 21
  281.11636 0.774198 773
  281.13762 0.00657147 7
  282.08658 0.0356243 36
  282.12282 0.328919 329
  282.13948 0.0072385 7
  283.08532 0.0757943 76
  283.09505 0.190943 191
  283.12623 0.0376995 38
  284.10273 1 999
  284.12493 0.0111419 11
  285.10687 0.143362 143
  286.10756 0.01339 13
  296.10541 0.00832551 8
  297.10948 0.0223331 22
  298.11814 0.785167 784
  299.12501 0.348831 348
  299.13967 0.00548446 5
  300.11983 0.00901724 9
  300.13327 0.209447 209
  301.13760 0.0372054 37
  312.07987 0.0124265 12
  315.06752 0.0126488 13
  316.07529 0.0452344 45
  316.08400 0.0330797 33
  317.07237 0.00691734 7
  320.05276 0.0231731 23
  321.05501 0.00605267 6
  330.09117 0.133109 133
  330.11288 0.0067444 7
  331.09492 0.0171945 17
  348.04734 0.803177 802
  349.04906 0.116977 117
  350.04141 0.0448639 45
  350.05001 0.0277188 28
  364.07766 0.0265576 27
  364.10699 0.00659618 7
  365.07858 0.00654677 7
  372.15935 0.00513859 5
  381.13355 0.00578092 6
  382.12066 0.01255 13
  382.14375 0.061169 61
  383.14448 0.0328574 33
  384.15240 0.00667029 7
  385.17098 0.0105242 11
  386.16917 0.00664559 7
  395.14855 0.0151934 15
  396.15490 0.0218637 22
  397.16614 0.0242601 24
  398.14010 0.0265082 26
  398.16639 0.00904195 9
  399.14530 0.0223084 22
  400.15317 0.440338 440
  401.15671 0.133109 133
  401.17351 0.00696675 7
  402.16070 0.0205791 21
  411.14365 0.0220861 22
  412.15644 0.0175157 17
  413.16080 0.114284 114
  414.16536 0.0426899 43
  415.17538 0.0235684 24
  416.18171 0.0103513 10
  435.14361 0.00597856 6
  447.14519 0.017911 18
  463.14237 0.00768319 8
  464.14527 0.00667029 7
  535.20420 0.0112901 11
  546.20034 0.0513612 51
  547.20831 0.0360443 36
  548.20781 0.0104501 10
  548.22632 0.00531153 5
  562.19300 0.0253224 25
  563.20109 0.0313504 31
  564.20896 0.0586244 59
  565.21731 0.103439 103
  566.21957 0.0361678 36
  581.21474 0.0444933 44
  582.21524 0.0257918 26
  583.22396 0.0106972 11
  583.23676 0.00607738 6
  584.22726 0.005188 5
  629.16385 0.113173 113
  629.18804 0.00536094 5
  630.16410 0.0381442 38
  631.16485 0.00857256 9
  645.16150 0.0340926 34
  646.15924 0.0339197 34
  647.17015 0.0284846 28
  648.17140 0.00790553 8
  648.18877 0.00541035 5
//