ACCESSION: MycoMSB-HZI-003002
RECORD_TITLE: Rickenyl E or D?; timsTOF; MS2; CE:40.656; [M+H]+
DATE: 2026.06.26
AUTHORS: Charrià-Girón E, Surup F
LICENSE: CC BY
COPYRIGHT: Helmholtz Centre for Infection Research (HZI)
PUBLICATION: doi:10.1016/j.phytochem.2015.08.004
COMMENT: Converted from Bruker MetaboScape .library export
CH$NAME: Rickenyl E or D?
CH$FORMULA: C21H18O6
CH$EXACT_MASS: 366.1103
CH$SMILES: C
CH$IUPAC: InChI=1S/CH4/h1H4
CH$LINK: INCHIKEY N/A
SP$SCIENTIFIC_NAME: Hypoxylon rickii
AC$INSTRUMENT: timsTOF Pro, Bruker Daltonics
AC$INSTRUMENT_TYPE: TIMS-TOF
AC$MASS_SPECTROMETRY: MS_TYPE MS2
AC$MASS_SPECTROMETRY: ION_MODE POSITIVE
AC$MASS_SPECTROMETRY: COLLISION_ENERGY 40.656
AC$MASS_SPECTROMETRY: CCS 190.2310333251953
MS$FOCUSED_ION: BASE_PEAK 367.11761
MS$FOCUSED_ION: PRECURSOR_M/Z 367.11761
MS$FOCUSED_ION: PRECURSOR_TYPE [M+H]+
MS$DATA_PROCESSING: Converted with library_to_massbank.py
PK$SPLASH: splash10-0udr-0069000000-a3dcd6b0a4edf047867c
PK$NUM_PEAK: 177
PK$PEAK: m/z int. rel.int.
  107.04986 0.00523114 5
  119.04949 0.0161171 16
  121.06550 0.0242851 24
  132.05700 0.00607187 6
  133.06265 0.0140483 14
  135.04598 0.0253727 25
  145.06512 0.00704456 7
  147.04434 0.0134814 13
  148.05148 0.0182448 18
  149.05741 0.00645716 6
  159.04456 0.00836439 8
  160.05136 0.00709686 7
  161.05997 0.0255804 26
  162.06289 0.00605442 6
  165.07012 0.00558291 6
  174.06636 0.0058989 6
  175.03926 0.067063 67
  175.07491 0.0162337 16
  176.04348 0.00873366 9
  176.07818 0.00722597 7
  189.05513 0.0172285 17
  199.03799 0.01174 12
  200.04633 0.0244411 24
  201.05356 0.00847407 8
  203.03638 0.0243803 24
  205.06511 0.0141781 14
  206.07065 0.00551755 6
  207.07861 0.00684551 7
  208.08903 0.0111718 11
  209.09451 0.00515119 5
  215.07639 0.0266091 27
  216.04143 0.0180733 18
  217.04774 0.0147946 15
  218.07146 0.0201667 20
  219.08252 0.015382 15
  220.08504 0.0118608 12
  221.06317 0.0302413 30
  221.10176 0.0164798 16
  222.06645 0.00879868 9
  223.07339 0.011205 11
  225.09282 0.00516884 5
  228.04283 0.0273256 27
  229.05176 0.0224913 22
  231.06581 0.0386397 39
  231.08049 0.0058427 6
  232.05391 0.0134738 13
  232.07047 0.0076223 8
  232.08875 0.00696811 7
  233.05935 0.0304828 30
  234.06648 0.017838 18
  235.07277 0.0235307 24
  236.08325 0.0573612 57
  237.08820 0.0372182 37
  238.06095 0.00681835 7
  242.05460 0.0110724 11
  243.06514 0.0242156 24
  244.03741 0.0366649 37
  244.07567 0.00649443 6
  245.03998 0.00822183 8
  245.05937 0.00927965 9
  246.06337 0.00972878 10
  247.07529 0.0731573 73
  248.08254 0.113917 114
  249.05532 0.0730795 73
  249.09190 0.0633112 63
  250.06350 0.0420099 42
  250.09653 0.0284823 28
  251.07213 0.0331198 33
  251.10685 0.0781859 78
  251.11681 0.00629143 6
  252.07116 0.00951257 10
  252.11360 0.0163426 16
  253.08582 0.0158567 16
  259.06189 0.0293456 29
  260.04288 0.0323692 32
  260.06382 0.0112991 11
  260.08313 0.00640235 6
  261.05252 0.0465451 46
  261.09240 0.0181392 18
  262.06138 0.0106623 11
  262.09813 0.0195839 20
  263.07107 0.0383475 38
  263.10448 0.0117929 12
  264.07793 0.339268 339
  264.09701 0.00828626 8
  265.07911 0.0888564 89
  266.08922 0.0137769 14
  267.10227 0.0105191 11
  268.10463 0.00900488 9
  272.08059 0.00633831 6
  273.05700 0.00952051 10
  274.06274 0.0184281 18
  275.06997 0.250486 250
  275.10398 0.00535867 5
  276.07618 0.0675111 67
  277.05412 0.110322 110
  277.08644 0.0343516 34
  278.05518 0.0208812 21
  278.09171 0.0338275 34
  279.06761 0.0091119 9
  279.10145 0.123994 124
  280.10184 0.0232296 23
  280.11220 0.00795642 8
  281.08184 0.0222272 22
  283.13595 0.0062654 6
  288.04149 0.0313215 31
  288.07867 0.0288601 29
  289.03138 0.00564956 6
  289.04944 0.52131 521
  289.06901 0.00792236 8
  289.08929 0.0194947 19
  290.05271 0.102718 103
  290.09350 0.0172162 17
  291.06432 0.0760036 76
  291.10259 0.0218729 22
  292.05603 0.011076 11
  292.07272 0.735571 735
  292.08357 0.0201643 20
  293.07691 0.14728 147
  293.11850 0.0104783 10
  294.07949 0.0171329 17
  295.09397 0.00947939 9
  296.10541 0.0142716 14
  297.10924 0.00702761 7
  301.05104 0.00864547 9
  301.08798 0.00845233 8
  302.05711 0.0548728 55
  303.06516 0.638396 638
  303.10414 0.00566174 6
  304.03965 0.0111155 11
  304.07257 1 999
  304.09990 0.0131754 13
  305.04459 0.0967234 97
  305.06163 0.0102705 10
  305.07642 0.215774 216
  306.04230 0.0233072 23
  306.08791 0.167918 168
  306.09985 0.0303868 30
  307.05568 0.00599448 6
  307.09642 0.742389 742
  307.11820 0.0110797 11
  308.09929 0.139966 140
  309.07584 0.0260061 26
  309.10255 0.0238081 24
  310.07717 0.00693276 7
  316.07304 0.0351782 35
  317.08088 0.065108 65
  318.08883 0.370911 371
  318.10778 0.00904062 9
  319.05832 0.191239 191
  319.09147 0.0691506 69
  320.06825 0.36023 360
  320.09714 0.00894617 9
  321.07366 0.168997 169
  321.11144 0.0427858 43
  321.12254 0.0127929 13
  322.07699 0.0209797 21
  322.11513 0.0123731 12
  323.09124 0.0100328 10
  324.09911 0.0801203 80
  325.10983 0.0125638 13
  331.09314 0.0237756 24
  332.10377 0.00670556 7
  333.07573 0.0144401 14
  334.08375 0.167134 167
  335.08796 0.636493 636
  335.11612 0.00580494 6
  336.07894 0.0115945 12
  336.09654 0.26321 263
  336.11395 0.00601775 6
  337.07274 0.0684788 68
  337.09965 0.0474243 47
  338.07056 0.0105352 11
  349.10604 0.0866736 87
  350.11256 0.0269373 27
  352.09481 0.0652598 65
  353.10282 0.0303468 30
//