ACCESSION: MycoMSB-HZI-003161
RECORD_TITLE: Akanthopyrone B; timsTOF; MS2; CE:36.116279069767444; [M+H-H2O]+
DATE: 2026.06.26
AUTHORS: Charrià-Girón E, Surup F
LICENSE: CC BY
COPYRIGHT: Helmholtz Centre for Infection Research (HZI)
PUBLICATION: doi:10.3390/molecules22071202
COMMENT: Converted from Bruker MetaboScape .library export
CH$NAME: Akanthopyrone B
CH$FORMULA: C25H42O11
CH$EXACT_MASS: 518.2727
CH$SMILES: C
CH$IUPAC: InChI=1S/C24H40O11/c1-31-17-12-18(33-23(30)15(17)13-26)16(10-8-6-4-3-5-7-9-11-25)34-24-21(29)20(28)22(32-2)19(14-27)35-24/h12,16,19-22,24-29H,3-11,13-14H2,1-2H3/t16-,19-,20-,21-,22-,24-/m1/s1
CH$LINK: INCHIKEY MBYABXDSJYHYQZ-XSHYYGNTSA-N
SP$SCIENTIFIC_NAME: Akanthomyces novoguineensis
AC$INSTRUMENT: timsTOF Pro, Bruker Daltonics
AC$INSTRUMENT_TYPE: TIMS-TOF
AC$MASS_SPECTROMETRY: MS_TYPE MS2
AC$MASS_SPECTROMETRY: ION_MODE POSITIVE
AC$MASS_SPECTROMETRY: COLLISION_ENERGY 36.116279069767444
AC$MASS_SPECTROMETRY: CCS 198.00506591796875
MS$FOCUSED_ION: BASE_PEAK 501.26702
MS$FOCUSED_ION: PRECURSOR_M/Z 501.26702
MS$FOCUSED_ION: PRECURSOR_TYPE [M+H-H2O]+
MS$DATA_PROCESSING: Converted with library_to_massbank.py
PK$SPLASH: splash10-0a4i-0976000000-8e2ecbfc8500834dbe46
PK$NUM_PEAK: 201
PK$PEAK: m/z int. rel.int.
  109.02754 0.0250175 25
  117.06999 0.0122085 12
  118.07227 0.0154108 15
  119.05512 0.0107075 11
  119.08291 0.0459322 46
  121.06545 0.00970679 10
  121.10170 0.0118083 12
  122.10214 0.00850595 8
  123.04387 0.0511358 51
  123.08066 0.0226158 23
  125.05760 0.0246172 25
  129.06760 0.0133093 13
  131.08211 0.0176123 18
  133.02618 0.035725 36
  135.04503 0.048634 49
  135.08140 0.0281197 28
  135.11850 0.017112 17
  137.06004 0.0194136 19
  139.03605 0.0688482 69
  140.03904 0.0269188 27
  141.05576 0.0336235 34
  141.08498 0.0120084 12
  143.08374 0.0102071 10
  145.04945 0.00990693 10
  145.06829 0.00880616 9
  145.10032 0.0233163 23
  147.04186 0.0390273 39
  147.04755 0.0142099 14
  147.07979 0.00740518 7
  147.08738 0.0090063 9
  147.11657 0.060042 60
  147.12076 0.060042 60
  149.06017 0.0160112 16
  149.09714 0.0235165 23
  150.06744 0.0115081 11
  151.03827 0.137696 138
  152.04182 0.0101071 10
  153.05223 0.0144101 14
  153.09200 0.0220154 22
  155.03283 0.0490343 49
  155.03844 0.0227159 23
  155.06945 0.0132092 13
  155.08309 0.00780546 8
  156.03514 0.011408 11
  157.09744 0.0108076 11
  157.10373 0.0118083 12
  159.04274 0.00510357 5
  159.08022 0.00540378 5
  159.11771 0.0330231 33
  161.09697 0.0113079 11
  161.13072 0.0518363 52
  162.06529 0.0113079 11
  163.03652 0.0166116 17
  163.04251 0.00780546 8
  163.07525 0.017112 17
  163.10853 0.02852 28
  165.05913 0.0264185 26
  167.03332 0.0120084 12
  167.06782 0.0674472 67
  167.14251 0.00810567 8
  168.07000 0.015711 16
  168.07608 0.0106074 11
  169.06106 0.0106074 11
  169.10174 0.0102071 10
  171.08057 0.0117082 12
  171.11354 0.0132092 13
  173.06176 0.0163114 16
  173.09732 0.0156109 16
  175.06863 0.00960672 10
  175.11524 0.0202141 20
  176.10707 0.0164115 16
  177.05074 0.0236165 24
  177.05699 0.0170119 17
  177.12776 0.0165116 16
  177.13609 0.0116081 12
  179.07090 0.0233163 23
  180.07317 0.00520364 5
  181.04746 0.0167117 17
  181.09055 0.0239167 24
  181.09686 0.0112078 11
  183.06419 0.0496347 50
  183.06739 0.0496347 50
  183.11555 0.0226158 23
  183.13600 0.00890623 9
  184.06647 0.00850595 8
  185.15038 0.00570399 6
  187.07306 0.0102071 10
  187.14795 0.0109076 11
  188.11428 0.0104073 10
  189.05626 0.0251176 25
  189.09150 0.0293205 29
  189.12612 0.0275193 27
  190.17950 0.0111078 11
  191.07046 0.0225158 22
  191.10388 0.00750525 7
  191.11685 0.012809 13
  192.10854 0.00520364 5
  193.04845 0.00990693 10
  193.08887 0.0116081 12
  195.09026 0.0187131 19
  195.09681 0.00730511 7
  196.12723 0.00620434 6
  198.14117 0.00980686 10
  199.14648 0.00760532 8
  201.08708 0.0118083 12
  201.12734 0.0359251 36
  201.16271 0.0556389 56
  202.13319 0.00890623 9
  202.16655 0.0104073 10
  203.03041 0.010007 10
  203.10397 0.00850595 8
  204.07931 0.00920644 9
  205.11972 0.00810567 8
  205.15780 0.00990693 10
  206.09090 0.0107075 11
  206.16501 0.00840588 8
  207.06213 0.0181127 18
  207.06888 0.00880616 9
  207.10061 0.0389272 39
  209.11861 0.0447313 45
  209.13019 0.0212149 21
  211.14708 0.0405284 40
  213.16347 0.00870609 9
  215.14122 0.0104073 10
  217.14884 0.0125088 12
  218.05797 0.00780546 8
  219.07317 0.00580406 6
  219.10327 0.00630441 6
  219.14263 0.00760532 8
  219.17042 0.0116081 12
  221.11762 0.0126088 13
  223.06176 0.00510357 5
  223.13185 0.01431 14
  225.11530 0.00770539 8
  229.08724 0.00770539 8
  229.15582 0.0265186 26
  231.13736 0.00830581 8
  231.17456 0.0430301 43
  233.11301 0.00740518 7
  237.18108 0.0113079 11
  239.14297 0.040028 40
  241.10942 0.00540378 5
  241.15800 0.00760532 8
  242.12819 0.00940658 9
  243.17837 0.0102071 10
  245.20228 0.0117082 12
  247.16771 0.0920644 92
  248.05919 0.00930651 9
  248.17159 0.0173121 17
  249.18635 0.0080056 8
  249.26290 0.00720504 7
  250.18985 0.00730511 7
  251.16265 0.045732 46
  253.21497 0.00950665 9
  254.17667 0.00560392 6
  257.15046 0.0152106 15
  261.18960 0.0119083 12
  263.09410 0.0112078 11
  263.20080 0.0295207 29
  271.16604 0.020014 20
  272.16786 0.0102071 10
  275.16305 0.0447313 45
  276.16755 0.022916 23
  277.17681 0.0365256 36
  278.17725 0.0107075 11
  279.19402 0.148704 149
  279.20621 0.0117082 12
  280.20061 0.0222156 22
  281.20917 0.00850595 8
  282.20682 0.00970679 10
  283.16412 0.0120084 12
  287.16856 0.00980686 10
  289.17068 0.0854598 85
  289.17985 0.146402 146
  290.18315 0.018513 18
  291.19118 0.0177124 18
  292.19492 0.00830581 8
  293.17369 0.0944661 94
  294.17453 0.0247173 25
  295.21608 0.00570399 6
  307.18914 1 999
  307.20383 0.0123086 12
  308.19042 0.221255 221
  308.21083 0.00690483 7
  309.19833 0.0109076 11
  309.21397 0.00560392 6
  311.18101 0.00910637 9
  323.17910 0.0179125 18
  323.18960 0.0118083 12
  325.15872 0.00950665 9
  325.20009 0.108276 108
  331.19722 0.00730511 7
  343.19161 0.0103072 10
  345.19979 0.0101071 10
  397.19917 0.00920644 9
  419.20570 0.00640448 6
  422.22159 0.00840588 8
  466.24415 0.00810567 8
  466.26104 0.00790553 8
  484.25845 0.00950665 9
  502.36875 0.00740518 7
//