ACCESSION: MycoMSB-HZI-003146
RECORD_TITLE: Illudaneol B; timsTOF; MS2; CE:31.558139534883722; [M+H]+
DATE: 2026.06.26
AUTHORS: Charrià-Girón E, Surup F
LICENSE: CC BY
COPYRIGHT: Helmholtz Centre for Infection Research (HZI)
PUBLICATION: doi:10.1002/pca.3301
COMMENT: Converted from Bruker MetaboScape .library export
CH$NAME: Illudaneol B
CH$FORMULA: C15H22O3
CH$EXACT_MASS: 250.1569
CH$SMILES: C
CH$IUPAC: InChI=1S/C15H22O3/c1-9-10-7-14(2,3)8-11(10)13(17)15(4,18)12(9)5-6-16/h16,18H,5-8H2,1-4H3/t15-/m0/s1
CH$LINK: INCHIKEY CZJQQVLIRLMDAK-HNNXBMFYSA-N
SP$SCIENTIFIC_NAME: Omphalotus mexicanus
AC$INSTRUMENT: timsTOF Pro, Bruker Daltonics
AC$INSTRUMENT_TYPE: TIMS-TOF
AC$MASS_SPECTROMETRY: MS_TYPE MS2
AC$MASS_SPECTROMETRY: ION_MODE POSITIVE
AC$MASS_SPECTROMETRY: COLLISION_ENERGY 31.558139534883722
AC$MASS_SPECTROMETRY: CCS 141.9130859375
MS$FOCUSED_ION: BASE_PEAK 251.16417
MS$FOCUSED_ION: PRECURSOR_M/Z 251.16417
MS$FOCUSED_ION: PRECURSOR_TYPE [M+H]+
MS$DATA_PROCESSING: Converted with library_to_massbank.py
PK$SPLASH: splash10-000f-0920000000-bd8cd59be2f359ad7c87
PK$NUM_PEAK: 74
PK$PEAK: m/z int. rel.int.
  100.88261 0.0122117 12
  123.41040 0.0122117 12
  130.31253 0.0122117 12
  131.08685 0.153324 153
  145.10194 0.199457 199
  147.11367 0.07327 73
  149.74733 0.0122117 12
  157.01525 0.180461 180
  159.08194 0.183175 183
  159.11548 0.0976934 98
  172.12529 0.134328 134
  173.13440 0.195387 195
  177.09204 0.119403 119
  183.12930 0.0122117 12
  186.10264 0.138399 138
  188.11739 0.329715 329
  189.13128 0.257802 258
  191.14454 1 999
  192.14501 0.105834 106
  192.15802 0.158752 159
  200.64993 0.0122117 12
  203.13921 0.027137 27
  203.15036 0.0800543 80
  203.23955 0.07327 73
  207.75102 0.0122117 12
  215.14378 0.234735 235
  218.13141 0.139756 140
  224.72069 0.0122117 12
  227.95880 0.0122117 12
  234.15731 0.137042 137
  235.15410 0.12483 125
  243.21928 0.0122117 12
  250.14721 0.130258 130
  284.35179 0.0122117 12
  312.97639 0.0122117 12
  313.86254 0.0122117 12
  314.62508 0.0122117 12
  339.62138 0.0122117 12
  364.54194 0.0122117 12
  384.98591 0.0122117 12
  400.94794 0.0122117 12
  402.81372 0.0122117 12
  417.84148 0.0122117 12
  431.76199 0.0122117 12
  457.27531 0.0122117 12
  598.88147 0.0122117 12
  621.92500 0.0122117 12
  632.15980 0.0122117 12
  679.90459 0.0122117 12
  709.82573 0.0122117 12
  714.19577 0.0122117 12
  767.07571 0.0122117 12
  831.62181 0.0122117 12
  877.96318 0.0122117 12
  947.28252 0.0122117 12
  960.72823 0.0122117 12
  961.87765 0.0122117 12
  965.25711 0.0122117 12
  985.07405 0.0122117 12
  1053.49166 0.0122117 12
  1098.61245 0.0122117 12
  1162.61557 0.0122117 12
  1285.40793 0.0122117 12
  1356.30350 0.0122117 12
  1370.62756 0.0122117 12
  1488.99098 0.0122117 12
  1617.19161 0.0122117 12
  1645.97762 0.0122117 12
  1647.77407 0.0122117 12
  1656.32534 0.0122117 12
  1713.15047 0.0122117 12
  1713.36413 0.0122117 12
  1738.12168 0.0122117 12
  1752.56374 0.0122117 12
//