ACCESSION: MycoMSB-HZI-000480
RECORD_TITLE: Preussilide A; timsTOF; MS2; CE:41.04651162790698; [2M+H]+
DATE: 2026.06.26
AUTHORS: Unknown
LICENSE: CC BY
COPYRIGHT: Helmholtz Centre for Infection Research (HZI)
SP$SCIENTIFIC_NAME: Preussia similis
PUBLICATION: doi:10.1021/acs.jnatprod.7b00064
COMMENT: Converted from Bruker MetaboScape .library export
CH$NAME: Preussilide A
CH$COMPOUND_CLASS: Polyketides
CH$FORMULA: C25H34O4
CH$EXACT_MASS: 398.2457
CH$SMILES: C[C@@H]1CC2=CC(=C([C@@H]([C@H]2[C@@H](C1=O)C)/C=C(\C)/C=C(\C)/C=C/C(=O)O)C[C@H](C)O)C
CH$IUPAC: InChI=1S/C25H34O4/c1-14(7-8-23(27)28)9-15(2)10-22-21(13-18(5)26)16(3)11-20-12-17(4)25(29)19(6)24(20)22/h7-11,17-19,22,24,26H,12-13H2,1-6H3,(H,27,28)/b8-7+,14-9+,15-10+/t17-,18+,19+,22+,24+/m1/s1
CH$LINK: INCHIKEY LMSUWCOEKCRCEB-XYOUVAGFSA-N
AC$INSTRUMENT: timsTOF Pro, Bruker Daltonics
AC$INSTRUMENT_TYPE: timsTOF
AC$MASS_SPECTROMETRY: MS_TYPE MS2
AC$MASS_SPECTROMETRY: ION_MODE POSITIVE
AC$MASS_SPECTROMETRY: COLLISION_ENERGY 41.04651162790698
AC$MASS_SPECTROMETRY: CCS 268.6294860839844
MS$FOCUSED_ION: BASE_PEAK 797.49870
MS$FOCUSED_ION: PRECURSOR_M/Z 797.49870
MS$FOCUSED_ION: PRECURSOR_TYPE [2M+H]+
MS$DATA_PROCESSING: Converted with library_to_massbank.py
PK$SPLASH: splash10-03fr-0294000000-f127be45982ba35a05fb
PK$NUM_PEAK: 128
PK$PEAK: m/z int. rel.int.
  119.08441 0.266667 266
  121.10025 0.185714 186
  131.98793 0.0142857 14
  138.14658 0.0142857 14
  139.85058 0.0142857 14
  143.08589 0.153968 154
  145.93085 0.0142857 14
  159.11820 0.2 200
  160.12014 0.15873 159
  169.10009 0.207937 208
  171.68503 0.0142857 14
  175.11450 0.149206 149
  183.11723 0.185714 186
  194.10637 0.0809524 81
  199.15109 0.234921 235
  201.12720 0.409524 409
  207.11633 0.12381 124
  209.13148 0.138095 138
  211.14956 0.204762 205
  213.12887 0.619048 618
  213.92709 0.0730159 73
  215.14367 0.146032 146
  215.53848 0.0952381 95
  221.13173 0.133333 133
  223.12966 0.0365079 36
  229.16218 0.352381 352
  231.11610 0.144444 144
  231.16128 0.138095 138
  235.14758 0.32381 323
  239.14378 0.171429 171
  248.12340 0.231746 232
  249.16181 0.115873 116
  250.16774 0.179365 179
  251.17409 0.301587 301
  252.18147 0.244444 244
  253.18774 0.153968 154
  256.12322 0.0142857 14
  258.15494 0.12381 124
  259.16878 0.0873016 87
  260.15432 0.303175 303
  267.17298 0.322222 322
  268.17518 0.031746 32
  269.18026 0.263492 263
  269.18795 0.103175 103
  277.15310 0.1 100
  277.16404 0.433333 433
  278.15990 0.333333 333
  278.69947 0.0142857 14
  279.08609 0.0142857 14
  282.18864 0.150794 151
  285.55147 0.0142857 14
  287.17938 0.11746 117
  295.16824 0.201587 201
  296.16953 0.304762 304
  299.20468 0.12381 124
  306.18780 0.15873 159
  317.88353 0.0142857 14
  322.22380 0.220635 220
  325.19289 0.144444 144
  335.23982 0.347619 347
  335.44410 0.0142857 14
  339.23063 0.109524 109
  346.93154 0.0365079 36
  351.66749 0.0142857 14
  353.24833 0.236508 236
  354.45085 0.0142857 14
  355.22873 0.122222 122
  358.26885 0.0142857 14
  358.95607 0.0142857 14
  363.22960 1 999
  363.27208 0.0142857 14
  364.23443 0.601587 601
  367.35001 0.0142857 14
  374.96811 0.0142857 14
  381.24417 0.344444 344
  383.47262 0.0142857 14
  390.05568 0.0142857 14
  402.01188 0.0142857 14
  405.15112 0.0142857 14
  417.98367 0.0142857 14
  464.93847 0.0142857 14
  500.42533 0.0142857 14
  511.24662 0.0142857 14
  512.05333 0.0142857 14
  599.78708 0.0142857 14
  613.28932 0.0142857 14
  627.23563 0.0142857 14
  650.57389 0.0952381 95
  654.31765 0.0142857 14
  667.46295 0.0142857 14
  683.50885 0.0142857 14
  687.47320 0.0142857 14
  698.01269 0.0142857 14
  719.60074 0.0142857 14
  728.38881 0.0142857 14
  742.65957 0.0142857 14
  789.83305 0.0142857 14
  797.92489 0.0142857 14
  832.23819 0.0142857 14
  864.48914 0.0142857 14
  870.35840 0.0142857 14
  932.73543 0.0142857 14
  987.28321 0.0142857 14
  999.33191 0.0142857 14
  1034.38648 0.0142857 14
  1095.38873 0.0142857 14
  1138.20952 0.0142857 14
  1182.92698 0.0142857 14
  1210.52361 0.0142857 14
  1264.02287 0.0142857 14
  1264.42331 0.0142857 14
  1280.02286 0.0142857 14
  1307.34291 0.0142857 14
  1313.46391 0.0142857 14
  1354.43062 0.0142857 14
  1441.28429 0.0142857 14
  1442.77521 0.0142857 14
  1472.58749 0.0142857 14
  1482.23131 0.0142857 14
  1527.52277 0.0142857 14
  1545.20506 0.015873 16
  1624.88681 0.0142857 14
  1637.72455 0.0142857 14
  1660.69459 0.0142857 14
  1722.94651 0.0142857 14
  1761.72976 0.0142857 14
  1767.35431 0.0142857 14
  1770.43321 0.0142857 14
//