ACCESSION: MycoMSB-HZI-003298
RECORD_TITLE: Bis-Heimiomycin B; timsTOF; MS2; CE:38.72093023255814; [M+H]+
DATE: 2026.06.26
AUTHORS: Charrià-Girón E, Surup F
LICENSE: CC BY
COPYRIGHT: Helmholtz Centre for Infection Research (HZI)
PUBLICATION: doi:10.1021/acs.jnatprod.2c01015
COMMENT: Converted from Bruker MetaboScape .library export
CH$NAME: Bis-Heimiomycin B
CH$COMPOUND_CLASS: Terpenoids
CH$FORMULA: C36H40O9
CH$EXACT_MASS: 616.2672
CH$SMILES: CC(C)C1(CCC(C)(C2=C1C(=C(C=O)C(=C2O)O)C3=C(C(C=4C5=C(COC4C3=O)C(=C(C=6C(C)(CCC(C(C)C)(C65)[H])[H])O)O)=O)O)[H])[H]
CH$IUPAC: InChI=1S/C36H40O9/c1-13(2)17-9-7-15(5)21-23(17)25(19(11-37)29(38)31(21)40)27-33(42)34(43)28-26-20(12-45-36(28)35(27)44)30(39)32(41)22-16(6)8-10-18(14(3)4)24(22)26/h11,13-18,38-42H,7-10,12H2,1-6H3
CH$LINK: INCHIKEY RJFIFLLNROWBAM-WNRNVDISSA-N
SP$SCIENTIFIC_NAME: Heimiomyces sp.
AC$INSTRUMENT: timsTOF Pro, Bruker Daltonics
AC$INSTRUMENT_TYPE: TIMS-TOF
AC$MASS_SPECTROMETRY: MS_TYPE MS2
AC$MASS_SPECTROMETRY: ION_MODE POSITIVE
AC$MASS_SPECTROMETRY: COLLISION_ENERGY 38.72093023255814
AC$MASS_SPECTROMETRY: CCS 252.00347900390625
MS$FOCUSED_ION: BASE_PEAK 617.27451
MS$FOCUSED_ION: PRECURSOR_M/Z 617.27451
MS$FOCUSED_ION: PRECURSOR_TYPE [M+H]+
MS$DATA_PROCESSING: Converted with library_to_massbank.py
PK$SPLASH: splash10-0gc4-0000490000-86613451cd92c007615c
PK$NUM_PEAK: 256
PK$PEAK: m/z int. rel.int.
  111.11715 0.00707112 7
  191.03627 0.00528769 5
  219.10091 0.00866681 9
  253.12461 0.00910485 9
  255.13645 0.0138294 14
  257.11619 0.0118582 12
  257.12240 0.0118582 12
  271.12680 0.00722756 7
  271.13721 0.011514 12
  283.13041 0.0109196 11
  283.13831 0.00547542 5
  285.11251 0.00907356 9
  285.14320 0.00625763 6
  287.12426 0.00613247 6
  289.14385 0.0060699 6
  311.09260 0.0181158 18
  315.11950 0.0164576 16
  315.12480 0.0164576 16
  325.15264 0.005538 6
  327.08482 0.00766559 8
  327.12331 0.00822878 8
  338.12263 0.00519383 5
  339.11917 0.00613247 6
  351.12723 0.0331028 33
  352.12353 0.00682081 7
  353.13820 0.0153938 15
  354.14735 0.0101999 10
  359.09369 0.00622634 6
  365.09625 0.00628891 6
  369.13467 0.0112012 11
  377.07216 0.00641407 6
  381.16834 0.0199931 20
  391.08004 0.00566315 6
  391.11383 0.00879197 9
  393.13441 0.00657051 7
  402.07313 0.00566315 6
  403.04678 0.00888583 9
  403.07910 0.0141422 14
  405.06078 0.0312568 31
  405.09663 0.0132975 13
  406.10894 0.00810363 8
  407.07602 0.0101686 10
  413.10254 0.0127656 13
  415.08081 0.015425 15
  415.15672 0.00785332 8
  417.06088 0.0280655 28
  417.10458 0.00544414 5
  418.06142 0.011514 12
  418.07305 0.00932386 9
  419.07405 0.0271894 27
  427.07773 0.00807234 8
  427.11568 0.012703 13
  427.14960 0.00575702 6
  428.12359 0.00541285 5
  429.09240 0.00682081 7
  429.13416 0.00575702 6
  429.17087 0.00638278 6
  430.10820 0.00891712 9
  431.07614 0.073621 74
  431.11086 0.00813491 8
  432.08211 0.0201183 20
  433.09308 0.0479334 48
  433.16266 0.00519383 5
  434.09348 0.0202434 20
  435.10468 0.00857295 9
  437.13201 0.00566315 6
  440.12338 0.014768 15
  441.09400 0.0159882 16
  442.10551 0.0100748 10
  443.11227 0.015206 15
  443.14983 0.0412065 41
  444.11981 0.0129533 13
  444.15954 0.012484 12
  445.08880 0.0491849 49
  445.12648 0.0148306 15
  445.16066 0.00638278 6
  446.10286 0.0118895 12
  446.12785 0.0168956 17
  447.10708 0.0192422 19
  448.11598 0.0142361 14
  449.08740 0.00907356 9
  451.10437 0.00538156 5
  451.15212 0.0125465 13
  451.19239 0.00741529 7
  453.12673 0.00635149 6
  454.14103 0.0137981 14
  455.10606 0.00938644 9
  455.15057 0.026282 26
  456.11418 0.0145177 15
  457.15361 0.00560058 6
  458.09937 0.0160195 16
  459.10700 0.150308 150
  459.13687 0.00901098 9
  459.18067 0.00503739 5
  460.11181 0.0324458 32
  460.15110 0.0278464 28
  461.11703 0.0157379 16
  461.16031 0.0878571 88
  462.13054 0.0212759 21
  462.16065 0.0197741 20
  463.10554 0.0138606 14
  464.10528 0.0104189 10
  464.12038 0.00897969 9
  466.13956 0.00641407 6
  468.11502 0.0068521 7
  469.12428 0.00944902 9
  469.16772 0.0336973 34
  470.12668 0.00653922 7
  470.16683 0.015206 15
  471.14539 0.0436782 44
  471.17916 0.0217453 22
  471.19509 0.0106067 11
  472.11261 0.0239041 24
  472.14619 0.00963674 10
  472.18479 0.0079159 8
  473.12229 0.0359188 36
  473.15922 0.116329 116
  474.12695 0.0144864 14
  474.16243 0.0233722 23
  475.10103 0.00525641 5
  476.11186 0.00847908 8
  479.15637 0.0063202 6
  479.18487 0.019117 19
  481.16310 0.0101999 10
  482.13845 0.00857295 9
  483.14406 0.0520322 52
  483.16892 0.00550671 6
  484.14942 0.0244986 24
  484.18452 0.0066018 7
  485.15511 0.0127656 13
  485.18309 0.00550671 6
  486.13639 0.00885454 9
  486.16681 0.00969932 10
  487.13974 0.0210256 21
  487.17329 0.215419 215
  488.14666 0.0508119 51
  488.17894 0.0551923 55
  489.15305 0.173493 173
  489.17400 0.011076 11
  489.18582 0.00891712 9
  490.15677 0.0374519 37
  490.19333 0.00697725 7
  491.16671 0.0235913 24
  495.13988 0.00904227 9
  497.15989 0.148525 148
  497.19125 0.0252495 25
  498.16473 0.0522825 52
  498.19984 0.00713369 7
  498.20492 0.00713369 7
  499.17260 0.0837896 84
  499.21188 0.00622634 6
  500.14869 0.00913613 9
  500.17543 0.0108883 11
  501.15433 0.337943 338
  501.18930 0.021933 22
  502.15675 0.120428 120
  502.19717 0.0127968 13
  503.17282 0.013579 14
  505.15905 0.00616376 6
  505.18325 0.0576327 58
  506.16332 0.00782203 8
  506.18809 0.026282 26
  507.18747 0.00688339 7
  507.24504 0.00547542 5
  510.20133 0.00863552 9
  511.17720 0.0266888 27
  511.20889 0.0201183 20
  512.21552 0.0057883 6
  514.15949 0.0153312 15
  515.16894 1 999
  515.19219 0.0260943 26
  515.20490 0.0300366 30
  516.15616 0.00847908 8
  516.17365 0.287945 288
  516.20407 0.00860424 9
  516.22075 0.00766559 8
  517.16407 0.00503739 5
  517.18516 0.0892025 89
  517.21276 0.00525641 5
  517.23695 0.00556929 6
  518.18884 0.0238416 24
  519.16628 0.0228716 23
  519.20038 0.0106067 11
  520.16189 0.00722756 7
  520.19142 0.00835393 8
  521.19260 0.0114515 11
  523.16540 0.00610119 6
  523.20876 0.00647664 6
  524.17516 0.00572573 6
  524.22011 0.00563186 6
  525.19132 0.0937392 94
  525.26912 0.00650793 7
  526.19630 0.0280029 28
  526.27069 0.00797847 8
  527.20839 0.0084478 8
  528.21790 0.00641407 6
  529.18523 0.103845 104
  529.22202 0.0284722 28
  530.18992 0.0245299 25
  530.23161 0.0132975 13
  533.18190 0.0568505 57
  534.18356 0.023779 24
  535.24731 0.0184913 18
  536.25265 0.00707112 7
  538.19805 0.0328213 33
  539.20715 0.0557867 56
  539.23015 0.00635149 6
  540.20704 0.0157692 16
  541.21722 0.0117956 12
  542.18970 0.0284096 28
  543.20069 0.666969 666
  543.22429 0.00998091 10
  544.20424 0.171115 171
  545.20907 0.00994963 10
  545.23412 0.0068521 7
  547.19137 0.00506868 5
  548.22016 0.00682081 7
  549.21855 0.00591346 6
  553.25747 0.141892 142
  554.26560 0.029974 30
  555.28068 0.00635149 6
  556.20639 0.089046 89
  556.24650 0.0094803 9
  557.21534 0.0931135 93
  557.23837 0.0105441 11
  558.22275 0.0292857 29
  561.21831 0.00710241 7
  563.24269 0.0655799 66
  564.24484 0.0146116 15
  566.22804 0.0432402 43
  567.23101 0.0169269 17
  569.21057 0.00760302 8
  570.22518 0.00581959 6
  570.23874 0.00572573 6
  571.26863 0.202622 202
  572.27224 0.0650167 65
  573.20917 0.0249992 25
  573.28050 0.00531898 5
  574.21708 0.0165514 17
  575.21474 0.00516254 5
  580.23733 0.00666437 7
  581.25374 0.662996 662
  582.25714 0.234817 235
  582.27912 0.00735271 7
  583.22895 0.0386096 39
  583.25999 0.0199618 20
  584.23960 0.0515941 52
  585.24701 0.0123588 12
  589.28084 0.00841651 8
  598.24575 0.0654548 65
  599.24023 0.00757173 8
  599.26293 0.992428 991
  600.26712 0.326805 326
  601.27066 0.0111386 11
  617.27266 0.0556616 56
  618.27733 0.00735271 7
//