ACCESSION: MycoMSB-HZI-000900
RECORD_TITLE: Sulphureuine H; timsTOF; MS2; CE:35.76744186046511; [M+H-2H2O]+
DATE: 2026.06.26
AUTHORS: Unknown
LICENSE: CC BY
COPYRIGHT: Helmholtz Centre for Infection Research (HZI)
SP$SCIENTIFIC_NAME: Laetiporus sulphureus
PUBLICATION: doi:10.1016/j.fitote.2015.01.022
COMMENT: Converted from Bruker MetaboScape .library export
CH$NAME: Sulphureuine H
CH$COMPOUND_CLASS: Terpenoids
CH$FORMULA: C15H26O3
CH$EXACT_MASS: 254.1882
CH$SMILES: C[C@]12CC[C@H](C([C@@H]1CC=C([C@@H]2CO)CO)(C)C)O
CH$IUPAC: InChI=1S/C15H26O3/c1-14(2)12-5-4-10(8-16)11(9-17)15(12,3)7-6-13(14)18/h4,11-13,16-18H,5-9H2,1-3H3/t11-,12-,13+,15+/m0/s1
CH$LINK: INCHIKEY FLJVCTAWIDPKTG-RMRHIDDWSA-N
AC$INSTRUMENT: timsTOF Pro, Bruker Daltonics
AC$INSTRUMENT_TYPE: timsTOF
AC$MASS_SPECTROMETRY: MS_TYPE MS2
AC$MASS_SPECTROMETRY: ION_MODE POSITIVE
AC$MASS_SPECTROMETRY: COLLISION_ENERGY 35.76744186046511
AC$MASS_SPECTROMETRY: CCS 199.02146911621094
MS$FOCUSED_ION: BASE_PEAK 219.17434
MS$FOCUSED_ION: PRECURSOR_M/Z 219.17434
MS$FOCUSED_ION: PRECURSOR_TYPE [M+H-2H2O]+
MS$DATA_PROCESSING: Converted with library_to_massbank.py
PK$SPLASH: splash10-00dr-0552900000-84ac3c9b971969c471e6
PK$NUM_PEAK: 156
PK$PEAK: m/z int. rel.int.
  109.10029 0.0247606 25
  117.07008 0.0228918 23
  121.10351 0.024527 25
  122.10915 0.0320019 32
  131.08537 0.0212567 21
  135.11678 0.0861948 86
  143.08382 0.033637 34
  145.10606 0.0259285 26
  146.10265 0.0205559 21
  147.11782 0.0495211 49
  149.13580 0.0130811 13
  151.11174 0.0121467 12
  159.11604 0.0885307 88
  160.12387 0.0168185 17
  161.12500 0.0242934 24
  161.13329 0.11843 118
  161.13832 0.11843 118
  163.11065 0.00794207 8
  163.11664 0.00537258 5
  163.14861 0.0448493 45
  169.10191 0.0291988 29
  171.11599 0.0448493 45
  172.12370 0.0172857 17
  173.13074 0.0378416 38
  175.14760 0.126139 126
  176.07813 0.0107452 11
  176.15078 0.0350385 35
  177.16327 0.0205559 21
  181.10116 0.0186872 19
  182.10664 0.0200888 20
  183.12126 0.0345714 35
  185.12916 0.0513899 51
  185.13554 0.0224247 22
  187.15442 0.0263957 26
  188.15294 0.024527 25
  189.16468 0.0950712 95
  190.16875 0.0217239 22
  191.14716 0.0198552 20
  191.18353 0.0990423 99
  195.12086 0.0322355 32
  198.13456 0.0158841 16
  199.14427 0.0485868 49
  199.15310 0.0207895 21
  200.14990 0.0247606 25
  200.45761 0.00864284 9
  201.16135 0.0934361 93
  202.11982 0.0107452 11
  202.16653 0.0140154 14
  203.17529 0.0207895 21
  205.15969 0.0385424 39
  209.13352 0.0228918 23
  213.16291 0.0988087 99
  215.14574 0.01822 18
  217.16097 0.0462509 46
  218.15955 0.0256949 26
  219.17358 0.0901658 90
  221.14081 0.023359 23
  233.15590 0.0200888 20
  233.19412 0.0287316 29
  235.16532 0.329129 329
  235.17101 0.329129 329
  241.19675 0.0263957 26
  243.20997 0.024527 25
  249.17882 0.0277972 28
  251.18782 0.0224247 22
  253.20240 0.0228918 23
  255.17755 0.0228918 23
  255.21003 0.014249 14
  256.01030 0.00654053 7
  256.06536 0.0095772 10
  260.24992 0.0303667 30
  265.17858 0.024527 25
  265.19386 0.0289652 29
  267.21259 0.0256949 26
  270.19719 0.0203224 20
  277.19444 0.0175193 18
  277.21788 0.0270965 27
  283.20423 0.0635366 63
  283.22718 0.0144826 14
  285.22347 0.023359 23
  291.23303 0.0219575 22
  297.22179 0.0464845 46
  298.22026 0.0306003 31
  298.23107 0.0105116 11
  299.19892 0.0207895 21
  304.21444 0.0359729 36
  307.35454 0.0219575 22
  307.53556 0.0140154 14
  309.22764 0.0179865 18
  309.25240 0.0191544 19
  316.22871 0.0189208 19
  319.22322 0.0210231 21
  319.24131 0.0317683 32
  321.22459 0.0158841 16
  321.24982 0.00607335 6
  321.26384 0.0282644 28
  325.25456 0.019388 19
  337.25387 0.0144826 14
  339.27056 0.0252278 25
  339.78649 0.00560617 6
  340.27107 0.0191544 19
  342.25623 0.00700771 7
  343.25533 0.0135482 14
  349.25462 0.0343378 34
  349.26586 0.0210231 21
  351.26692 0.0401775 40
  356.27273 0.0219575 22
  363.26352 0.0369073 37
  363.27634 0.0327026 33
  367.26865 0.0214903 21
  369.27684 0.0119131 12
  372.25564 0.0144826 14
  377.29145 0.0133146 13
  381.27910 0.0149498 15
  381.35240 0.0200888 20
  383.29150 0.0100444 10
  389.31923 0.0415791 42
  389.34814 0.0214903 21
  390.32408 0.0156505 16
  392.34158 0.00794207 8
  395.29363 0.0158841 16
  397.50166 0.00537258 5
  402.32201 0.0261621 26
  407.32831 0.0843261 84
  408.33692 0.0133146 13
  419.33406 0.0896987 90
  420.33386 0.0147162 15
  420.87280 0.00700771 7
  425.34171 0.0812894 81
  426.34817 0.0588648 59
  428.03341 0.00700771 7
  437.34110 0.195982 196
  437.35379 0.0635366 63
  438.34746 0.146461 146
  442.34500 0.0107452 11
  443.35705 0.0378416 38
  455.34769 0.266293 266
  455.37524 0.0184536 18
  456.35450 0.0859612 86
  457.61107 0.00537258 5
  473.36302 1 999
  473.74874 0.00513899 5
  474.07223 0.0105116 11
  474.36543 0.498248 498
  474.39584 0.0179865 18
  475.00588 0.00654053 7
  475.05361 0.00934361 9
  475.36102 0.0240598 24
  475.37391 0.0654053 65
  475.40824 0.00630694 6
  475.43893 0.0114459 11
  475.49010 0.00864284 9
  475.56855 0.0107452 11
  476.09401 0.0114459 11
  476.11790 0.0149498 15
  476.22030 0.00560617 6
//