ACCESSION: MycoMSB-HZI-002162
RECORD_TITLE: Illudin M; timsTOF; MS2; CE:30.372093023255815; [M+H-2H2O]+
DATE: 2026.06.26
AUTHORS: Charrià-Girón E, Surup F
LICENSE: CC BY
COPYRIGHT: Helmholtz Centre for Infection Research (HZI)
PUBLICATION: doi:10.1016/s0031-9422(00)97229-7
SP$SCIENTIFIC_NAME: Unknown-fungus sp.
COMMENT: Converted from Bruker MetaboScape .library export
CH$NAME: Illudin M
CH$COMPOUND_CLASS: Terpenoids
CH$FORMULA: C15H20O3
CH$EXACT_MASS: 248.1412
CH$SMILES: CC1=C2C(=CC(C)(C)C2(O)[H])C(C(C)(C31CC3)O)=O
CH$IUPAC: InChI=1S/C15H20O3/c1-8-10-9(7-13(2,3)12(10)17)11(16)14(4,18)15(8)5-6-15/h7,12,17-18H,5-6H2,1-4H3
CH$LINK: INCHIKEY QVMDIQLUNODCTG-OCCSQVGLSA-N
AC$INSTRUMENT: timsTOF Pro, Bruker Daltonics
AC$INSTRUMENT_TYPE: TIMS-TOF
AC$MASS_SPECTROMETRY: MS_TYPE MS2
AC$MASS_SPECTROMETRY: ION_MODE POSITIVE
AC$MASS_SPECTROMETRY: COLLISION_ENERGY 30.372093023255815
AC$MASS_SPECTROMETRY: CCS 132.10855102539062
MS$FOCUSED_ION: BASE_PEAK 213.12739
MS$FOCUSED_ION: PRECURSOR_M/Z 213.12739
MS$FOCUSED_ION: PRECURSOR_TYPE [M+H-2H2O]+
MS$DATA_PROCESSING: Converted with library_to_massbank.py
PK$SPLASH: splash10-001j-0910000000-507ed9c95f36f01ce0d5
PK$NUM_PEAK: 84
PK$PEAK: m/z int. rel.int.
  112.78397 0.0102975 10
  112.96179 0.0102975 10
  121.76007 0.0102975 10
  129.06928 0.0606407 61
  129.14748 0.0102975 10
  129.28973 0.0572082 57
  134.11296 0.0102975 10
  141.06813 0.0125858 13
  148.08869 0.112128 112
  152.06480 0.120137 120
  155.08487 0.0949657 95
  155.10240 0.0915332 91
  156.09750 0.117849 118
  157.10363 0.15103 151
  157.40374 0.0297483 30
  160.24039 0.0102975 10
  165.06922 0.273455 273
  169.11790 0.162471 162
  170.06715 0.176201 176
  171.07839 0.133867 134
  178.07606 0.113272 113
  182.07257 0.0366133 37
  183.07996 1 999
  184.08615 0.228833 229
  184.11293 0.0755149 75
  185.09268 0.122426 122
  185.13311 0.122426 122
  195.11837 0.107551 107
  197.11614 0.0858124 86
  198.10382 0.671625 671
  198.12493 0.327231 327
  199.07774 0.122426 122
  199.09760 0.141876 142
  212.14119 0.122426 122
  213.04207 0.0308924 31
  213.12697 0.32151 321
  213.14254 0.102975 103
  236.71349 0.0102975 10
  321.62495 0.0102975 10
  336.01618 0.0102975 10
  365.70165 0.0102975 10
  420.80749 0.0102975 10
  444.14844 0.0102975 10
  447.99721 0.0102975 10
  453.20023 0.0102975 10
  455.08028 0.0102975 10
  507.79523 0.0102975 10
  550.55927 0.0102975 10
  557.62872 0.0102975 10
  573.50508 0.0102975 10
  584.03040 0.0102975 10
  619.33753 0.0102975 10
  635.46777 0.0102975 10
  662.85393 0.0102975 10
  689.92598 0.0102975 10
  741.48988 0.0102975 10
  745.34539 0.0102975 10
  807.43726 0.0102975 10
  821.96986 0.0102975 10
  862.29395 0.0102975 10
  865.89886 0.0102975 10
  910.87694 0.0102975 10
  947.66295 0.0102975 10
  951.09938 0.0102975 10
  987.87933 0.0102975 10
  1002.81244 0.0114416 11
  1057.92853 0.0102975 10
  1095.37952 0.0102975 10
  1117.35115 0.0102975 10
  1191.08205 0.0102975 10
  1292.93946 0.0102975 10
  1350.64097 0.0102975 10
  1351.03190 0.0102975 10
  1365.88307 0.0102975 10
  1385.11998 0.0102975 10
  1400.24461 0.0102975 10
  1547.47573 0.0102975 10
  1554.85001 0.0102975 10
  1566.98128 0.0102975 10
  1616.03440 0.0102975 10
  1634.15705 0.0102975 10
  1692.73981 0.0102975 10
  1776.69193 0.0102975 10
  1797.55472 0.0102975 10
//