ACCESSION: MycoMSB-HZI-003282
RECORD_TITLE: Heimionone A; timsTOF; MS2; CE:34.06976744186046; [M+H]+
DATE: 2026.06.26
AUTHORS: Charrià-Girón E, Surup F
LICENSE: CC BY
COPYRIGHT: Helmholtz Centre for Infection Research (HZI)
PUBLICATION: doi:10.3390/molecules28093723
COMMENT: Converted from Bruker MetaboScape .library export
CH$NAME: Heimionone A
CH$FORMULA: C22H28O5
CH$EXACT_MASS: 372.1937
CH$SMILES: C
CH$IUPAC: InChI=1S/C22H28O5/c1-7-12(2)8-11-16(24)27-21-17-15(14(4)23)10-9-13(3)19(25)18(17)20(26)22(21,5)6/h7-11,14,20-21,23,26H,1-6H3/b11-8+,12-7+/t14-,20-,21-/m0/s1
CH$LINK: INCHIKEY KXBIRHKIESBHKT-QHBQVUQKSA-N
SP$SCIENTIFIC_NAME: Heimiomyces sp.
AC$INSTRUMENT: timsTOF Pro, Bruker Daltonics
AC$INSTRUMENT_TYPE: TIMS-TOF
AC$MASS_SPECTROMETRY: MS_TYPE MS2
AC$MASS_SPECTROMETRY: ION_MODE POSITIVE
AC$MASS_SPECTROMETRY: COLLISION_ENERGY 34.06976744186046
AC$MASS_SPECTROMETRY: CCS 174.49221801757812
MS$FOCUSED_ION: BASE_PEAK 373.20095
MS$FOCUSED_ION: PRECURSOR_M/Z 373.20095
MS$FOCUSED_ION: PRECURSOR_TYPE [M+H]+
MS$DATA_PROCESSING: Converted with library_to_massbank.py
PK$SPLASH: splash10-0fai-0970000000-f95983de6ed729d61b1c
PK$NUM_PEAK: 104
PK$PEAK: m/z int. rel.int.
  109.06720 0.0375096 37
  110.06703 0.0318217 32
  116.05863 0.0227517 23
  128.06185 0.0820907 82
  129.07315 0.0162952 16
  131.07834 0.0725596 72
  131.08371 0.0504228 50
  141.07033 0.00860876 9
  141.07777 0.0178324 18
  143.08436 0.0983859 98
  144.09243 0.0541122 54
  145.09980 0.189854 190
  145.10619 0.0119908 12
  147.07811 0.033359 33
  147.08380 0.0199846 20
  152.06182 0.0504228 50
  153.07018 0.0851653 85
  153.08341 0.0178324 18
  154.07350 0.0278248 28
  155.08704 0.0702537 70
  155.68971 0.00722521 7
  156.08971 0.0470407 47
  157.10063 0.0642583 64
  157.90502 0.00599539 6
  158.07017 0.00983859 10
  158.10754 0.0285934 29
  159.07964 0.0227517 23
  159.11674 0.0393543 39
  165.07042 0.0176787 18
  167.08236 0.0410453 41
  168.09270 0.271176 271
  168.09826 0.271176 271
  168.86211 0.00860876 9
  169.09825 0.127133 127
  170.07165 0.0115296 12
  171.08107 0.0570331 57
  171.08904 0.0189085 19
  172.08959 0.0664105 66
  173.09403 0.116987 117
  173.13310 0.0883935 88
  173.31614 0.00968486 10
  173.97780 0.00507302 5
  174.13464 0.0139892 14
  174.20276 0.00507302 5
  175.33803 0.00922367 9
  181.06337 0.00584166 6
  181.09916 0.0136818 14
  183.11666 1 999
  183.90963 0.0066103 7
  183.92448 0.00784012 8
  184.12009 0.212913 213
  184.13243 0.00814758 8
  185.09372 0.0304381 30
  186.10378 0.25857 258
  186.12023 0.0213682 21
  187.09888 0.0218294 22
  187.10911 0.0784012 78
  188.11227 0.0256726 26
  193.09997 0.0308993 31
  195.11657 0.00737894 7
  196.08679 0.0558032 56
  196.09175 0.0558032 56
  199.07486 0.0313605 31
  200.11612 0.0296695 30
  201.12710 0.871022 870
  201.14260 0.0076864 8
  201.79313 0.00799385 8
  202.13044 0.183244 183
  203.10625 0.012452 12
  211.11145 0.329439 329
  212.11495 0.0985396 98
  213.08127 0.0238278 24
  213.08990 0.0250576 25
  214.09791 0.329593 329
  214.11001 0.0116833 12
  215.09993 0.00953113 10
  219.11484 0.010761 11
  222.09560 0.0167563 17
  223.14585 0.0166026 17
  225.13171 0.0153728 15
  227.10751 0.0104535 10
  228.11282 0.0299769 30
  229.12129 0.95342 952
  229.12983 0.0411991 41
  229.91185 0.00599539 6
  229.99961 0.00599539 6
  230.01622 0.00799385 8
  230.12518 0.193082 193
  230.13455 0.0691776 69
  230.79025 0.00676403 7
  231.13970 0.0113759 11
  236.15351 0.0167563 17
  239.10731 0.0142967 14
  244.11102 0.0155265 16
  247.11156 0.0110684 11
  247.13275 0.0985396 98
  248.13552 0.0330515 33
  278.16417 0.0178324 18
  292.17352 0.0176787 18
  297.14893 0.0110684 11
  304.14634 0.0129131 13
  337.17643 0.0142967 14
  338.18535 0.00968486 10
  343.22647 0.00538048 5
//