ACCESSION: MycoMSB-HZI-003104
RECORD_TITLE: Aethiopinolone B; timsTOF; MS2; CE:32.627906976744185; [M+H-2H2O]+
DATE: 2026.06.26
AUTHORS: Charrià-Girón E, Surup F
LICENSE: CC BY
COPYRIGHT: Helmholtz Centre for Infection Research (HZI)
PUBLICATION: doi:10.3390/molecules23020369
COMMENT: Converted from Bruker MetaboScape .library export
CH$NAME: Aethiopinolone B
CH$FORMULA: C21H30O5
CH$EXACT_MASS: 362.2093
CH$SMILES: C
CH$IUPAC: InChI=1S/C21H30O5/c1-11(22)18-17(25)9-13-14-10-16(24)15-8-12(23)4-5-20(15,3)21(14,26)7-6-19(13,18)2/h10,12-13,15,17-18,23,25-26H,4-9H2,1-3H3/t12-,13+,15-,17-,18+,19+,20+,21-/m1/s1
CH$LINK: INCHIKEY XRQFYNJEWGIVRD-JBRJJFGXSA-N
SP$SCIENTIFIC_NAME: Fomitiporia aethiopica
AC$INSTRUMENT: timsTOF Pro, Bruker Daltonics
AC$INSTRUMENT_TYPE: TIMS-TOF
AC$MASS_SPECTROMETRY: MS_TYPE MS2
AC$MASS_SPECTROMETRY: ION_MODE POSITIVE
AC$MASS_SPECTROMETRY: COLLISION_ENERGY 32.627906976744185
AC$MASS_SPECTROMETRY: CCS 155.5761260986328
MS$FOCUSED_ION: BASE_PEAK 327.19547
MS$FOCUSED_ION: PRECURSOR_M/Z 327.19547
MS$FOCUSED_ION: PRECURSOR_TYPE [M+H-2H2O]+
MS$DATA_PROCESSING: Converted with library_to_massbank.py
PK$SPLASH: splash10-0lk9-0391000000-80ba6ebe84d640fda53f
PK$NUM_PEAK: 269
PK$PEAK: m/z int. rel.int.
  109.10215 0.00860449 9
  115.05656 0.0127584 13
  117.06862 0.0144397 14
  119.08503 0.0186925 19
  121.06416 0.0290772 29
  121.10203 0.0090001 9
  128.06408 0.0117694 12
  129.07149 0.00563742 6
  130.07750 0.0132529 13
  131.05160 0.0117694 12
  131.08563 0.0142419 14
  133.06663 0.0120661 12
  133.10272 0.0115716 12
  139.05452 0.00672535 7
  141.06676 0.00939571 9
  141.07732 0.0243299 24
  142.07630 0.0217585 22
  143.08564 0.0486599 49
  143.09345 0.00504401 5
  144.08875 0.0143408 14
  145.06771 0.0152309 15
  145.10068 0.017209 17
  145.11010 0.0105825 11
  148.08730 0.0113738 11
  149.09917 0.023242 23
  152.06148 0.00791217 8
  153.07034 0.0468796 47
  154.07801 0.00860449 9
  155.08625 0.177826 178
  156.08632 0.0173079 17
  156.09219 0.00840669 8
  157.06343 0.01622 16
  157.09831 0.00761547 8
  157.11007 0.00652754 7
  158.07589 0.0332311 33
  159.07908 0.0356048 36
  160.12220 0.013154 13
  161.09354 0.0144397 14
  162.10567 0.0113738 11
  165.06777 0.0481654 48
  166.07868 0.0377806 38
  167.08529 0.0824844 82
  168.09485 0.0138463 14
  169.06564 0.0136485 14
  169.10173 0.0796163 80
  170.07240 0.0359015 36
  170.11023 0.0314509 31
  171.08117 0.0903966 90
  171.11381 0.00712096 7
  172.08917 0.00939571 9
  173.09607 0.754525 754
  173.11257 0.00751657 8
  174.10068 0.0770448 77
  177.08036 0.00573633 6
  178.07851 0.0339234 34
  178.08508 0.00880229 9
  178.09342 0.0132529 13
  179.08537 0.0692315 69
  179.09472 0.0127584 13
  180.09561 0.0335278 33
  181.06337 0.0389675 39
  181.10144 0.187519 187
  181.11627 0.0134507 13
  182.07325 0.00543962 5
  182.10827 0.0486599 49
  182.12180 0.00514291 5
  183.07917 0.0415389 41
  183.11575 0.091979 92
  183.12376 0.009099 9
  184.07753 0.00692315 7
  184.08842 0.0482643 48
  184.12387 0.0230442 23
  185.09511 0.0288794 29
  187.11051 0.0943527 94
  189.06848 0.01622 16
  191.08717 0.0487588 49
  192.09272 0.0631985 63
  192.09963 0.0640886 64
  193.10094 0.216596 216
  194.07170 0.0202749 20
  194.10481 0.0582534 58
  195.08064 0.114331 114
  195.09081 0.0300663 30
  195.11652 0.116408 116
  195.12781 0.0118683 12
  196.08837 0.073781 74
  196.12326 0.00939571 9
  197.09539 0.144397 144
  197.13200 0.0328355 33
  198.06452 0.00949461 9
  198.10135 0.0991 99
  199.11183 0.0724953 72
  199.12260 0.00801108 8
  200.11419 0.0395609 40
  201.08994 0.0269014 27
  201.12963 0.014143 14
  202.07655 0.0406488 41
  202.09133 0.0107803 11
  203.08653 0.0375828 38
  204.09419 0.0280882 28
  205.10016 0.0710118 71
  205.11786 0.00731876 7
  206.07108 0.0127584 13
  206.10128 0.0144397 14
  206.11036 0.0473741 47
  207.07827 0.0104836 10
  207.11685 0.179409 179
  207.12635 0.014143 14
  208.08743 0.0237365 24
  208.12329 0.0995945 99
  208.13981 0.00524182 5
  208.83320 0.00810998 8
  209.09591 0.187716 188
  209.10804 0.0295718 30
  209.13210 0.120858 121
  210.10134 0.101869 102
  210.11004 0.0113738 11
  210.13271 0.0203739 20
  210.13951 0.00979132 10
  211.11172 0.534665 534
  211.14994 0.0352092 35
  212.08271 0.00721986 7
  212.11626 0.127782 128
  213.12011 0.0342202 34
  213.12996 0.0359015 36
  214.09434 0.0107803 11
  214.13097 0.0117694 12
  215.08652 0.00969241 10
  215.10789 0.0305608 31
  215.14387 0.00880229 9
  216.09478 0.00652754 7
  217.10214 0.0757591 76
  218.10734 0.0570666 57
  219.07816 0.00840669 8
  219.11625 0.0764514 76
  220.09108 0.00959351 10
  220.11713 0.030363 30
  220.12457 0.0312531 31
  221.04820 0.00870339 9
  221.09586 0.0776382 78
  221.13189 0.207002 207
  221.25290 0.00642864 6
  222.10251 0.105825 106
  222.13853 0.0661656 66
  222.76084 0.00583523 6
  223.09715 0.0116705 12
  223.11148 0.197705 198
  223.12051 0.0102858 10
  223.13687 0.00969241 10
  223.14986 0.102858 103
  224.10526 0.0130551 13
  224.12229 0.164375 164
  224.15386 0.0174068 17
  225.11095 0.00761547 8
  225.12696 0.218673 218
  225.13936 0.0119672 12
  226.13397 0.179507 179
  227.10552 0.00979132 10
  227.13895 0.0601325 60
  229.10156 0.0352092 35
  230.10912 0.0146375 15
  231.11851 0.0356048 36
  232.12253 0.0456928 46
  233.09185 0.009099 9
  233.11812 0.0218574 22
  233.13254 0.209475 209
  233.14085 0.0494511 49
  234.10313 0.0299674 30
  234.14167 0.108199 108
  235.11110 0.238156 238
  235.14537 0.00751657 8
  236.11934 0.25497 255
  236.12984 0.011077 11
  237.12517 0.155079 155
  237.16435 0.0647809 65
  238.13421 0.100089 100
  238.16826 0.0228464 23
  239.10451 0.0264069 26
  239.14297 0.129859 130
  239.16089 0.00583523 6
  239.18266 0.0102858 10
  240.13918 0.0300663 30
  240.14694 0.0270003 27
  241.12109 0.0138463 14
  243.11651 0.0443082 44
  244.12149 0.0142419 14
  245.12922 0.0452972 45
  245.13559 0.0452972 45
  246.10321 0.0283849 28
  246.14161 0.0189892 19
  247.11038 0.0624073 62
  247.14921 0.118485 118
  248.10879 0.0194837 19
  248.12075 0.0448027 45
  248.15572 0.108001 108
  249.12561 0.110375 110
  249.16129 0.12165 122
  250.13530 0.31708 317
  250.17195 0.018198 18
  251.09902 0.0117694 12
  251.10894 0.0116705 12
  251.14240 0.94412 943
  251.16843 0.0109781 11
  252.11134 0.0117694 12
  252.14731 0.207101 207
  253.12320 0.00880229 9
  253.16053 0.0102858 10
  254.12711 0.0193848 19
  256.12087 0.0119672 12
  258.14038 0.09099 91
  258.15259 0.00959351 10
  259.14123 0.0174068 17
  259.15382 0.014143 14
  260.15448 0.0142419 14
  261.12287 0.111957 112
  261.12619 0.111957 112
  261.15770 0.0524182 52
  261.16424 0.0524182 52
  262.13425 0.0620117 62
  262.16663 0.00721986 7
  263.13248 0.00880229 9
  263.14550 0.0426268 43
  263.18013 0.101573 101
  264.14398 0.0204728 20
  264.15248 0.0177035 18
  264.18396 0.0264069 26
  265.13827 0.00623084 6
  265.15917 0.530808 530
  266.12999 0.00623084 6
  266.16477 0.255761 256
  266.18102 0.00939571 9
  266.41010 0.00583523 6
  266.66102 0.00692315 7
  267.13122 0.0155276 16
  267.13978 0.0178024 18
  267.15935 0.009099 9
  267.17354 0.475423 475
  268.16760 0.01622 16
  268.17614 0.0663634 66
  269.18296 0.00801108 8
  271.14466 0.00969241 10
  273.16250 0.0717041 72
  273.16833 0.0797152 80
  274.16920 0.00998912 10
  275.14133 0.0130551 13
  276.15117 0.192661 192
  277.15117 0.035407 35
  277.15812 0.035407 35
  279.13829 0.0387697 39
  280.14293 0.00712096 7
  281.15180 0.0106814 11
  281.19377 0.00810998 8
  290.97995 0.0103847 10
  291.17446 0.210662 210
  291.18428 0.0824844 82
  292.17655 0.0311542 31
  292.18527 0.0129562 13
  293.15060 0.00692315 7
  294.16360 0.101276 101
  295.15947 0.0105825 11
  295.40191 0.00563742 6
  308.93936 0.00771437 8
  309.12131 0.0108792 11
  309.17035 0.00682425 7
  309.18369 1 999
  309.20335 0.0102858 10
  310.17505 0.0371872 37
  310.18641 0.158342 158
  311.23658 0.00514291 5
//