ACCESSION: MycoMSB-HZI-000403
RECORD_TITLE: Ketocytochalasin; timsTOF; MS2; CE:36.13953488372093; [M+H-2H2O]+
DATE: 2026.06.26
AUTHORS: Charrià-Girón E, Surup F
LICENSE: CC BY
COPYRIGHT: Helmholtz Centre for Infection Research (HZI)
SP$SCIENTIFIC_NAME: Arthrinium arundinis
PUBLICATION: doi:10.1055/s-0034-1383403
COMMENT: Converted from Bruker MetaboScape .library export
CH$NAME: Ketocytochalasin
CH$COMPOUND_CLASS: Alkaloids
CH$FORMULA: C28H33NO3
CH$EXACT_MASS: 431.2460
CH$SMILES: C[C@H]1C/C=C/[C@H]2C=C([C@H]([C@@H]3[C@@]2(C(=O)/C=C/[C@@H](C1=O)C)C(=O)N[C@H]3CC4=CC=CC=C4)C)C
CH$IUPAC: InChI=1S/C28H33NO3/c1-17-9-8-12-22-15-19(3)20(4)25-23(16-21-10-6-5-7-11-21)29-27(32)28(22,25)24(30)14-13-18(2)26(17)31/h5-8,10-15,17-18,20,22-23,25H,9,16H2,1-4H3,(H,29,32)/b12-8+,14-13+/t17-,18-,20+,22-,23-,25-,28+/m0/s1
CH$LINK: INCHIKEY MZRDRLOYHFZNCS-IZVHRENNSA-N
AC$INSTRUMENT: timsTOF Pro, Bruker Daltonics
AC$INSTRUMENT_TYPE: timsTOF
AC$MASS_SPECTROMETRY: MS_TYPE MS2
AC$MASS_SPECTROMETRY: ION_MODE POSITIVE
AC$MASS_SPECTROMETRY: COLLISION_ENERGY 36.13953488372093
AC$MASS_SPECTROMETRY: CCS 204.4238739013672
MS$FOCUSED_ION: BASE_PEAK 396.23219
MS$FOCUSED_ION: PRECURSOR_M/Z 396.23219
MS$FOCUSED_ION: PRECURSOR_TYPE [M+H-2H2O]+
MS$DATA_PROCESSING: Converted with library_to_massbank.py
PK$SPLASH: splash10-0aba-0495000000-681e621ab3063cd4e62f
PK$NUM_PEAK: 146
PK$PEAK: m/z int. rel.int.
  115.05508 0.0359116 36
  120.08199 0.0294659 29
  129.07018 0.0408226 41
  129.07729 0.00552486 6
  143.07174 0.0359116 36
  144.08007 0.271332 271
  145.06248 0.0693677 69
  145.06943 0.029159 29
  145.08451 0.0233272 23
  155.04939 0.0267035 27
  158.06151 0.0248619 25
  172.07635 1 999
  173.07069 0.0712093 71
  173.08012 0.233886 234
  173.63500 0.00705955 7
  173.67417 0.0107428 11
  174.69608 0.0165746 17
  179.08154 0.0595457 59
  179.08782 0.0257827 26
  180.09402 0.0233272 23
  181.09981 0.206568 206
  183.66124 0.014733 15
  184.12367 0.0356047 36
  192.09434 0.058011 58
  193.10333 0.122468 122
  193.78594 0.00798036 8
  194.10807 0.0850215 85
  195.11489 0.18232 182
  196.11195 0.0239411 24
  196.12262 0.100982 101
  197.05502 0.019337 19
  200.10575 0.0282382 28
  203.36056 0.0263966 26
  205.09749 0.0214856 21
  207.12039 0.0831799 83
  208.10806 0.0362185 36
  209.13268 0.306323 306
  210.12124 0.0104359 10
  210.13712 0.0610804 61
  210.14416 0.0503376 50
  211.14284 0.029159 29
  211.16329 0.00736648 7
  212.10767 0.0429711 43
  218.09761 0.0368324 37
  219.11874 0.0662983 66
  220.12362 0.0297729 30
  221.13199 0.0190301 19
  222.09139 0.0303867 30
  222.13404 0.0865562 86
  222.13924 0.0865562 86
  223.12061 0.00644567 6
  223.14854 0.358809 358
  223.16267 0.0371393 37
  224.12411 0.0543278 54
  224.14811 0.157766 158
  224.15585 0.178637 178
  225.15568 0.0767342 77
  225.16272 0.0356047 36
  231.11415 0.043892 44
  232.12115 0.0162676 16
  233.13124 0.0478821 48
  234.12717 0.0546347 55
  234.13779 0.048496 48
  235.09052 0.0211786 21
  236.10614 0.0181093 18
  236.14700 0.0220994 22
  238.16566 0.0224064 22
  246.13722 0.0310006 31
  247.11492 0.0233272 23
  247.14845 0.116329 116
  248.10688 0.0310006 31
  248.14432 0.06814 68
  248.15280 0.0537139 54
  248.58757 0.0187231 19
  249.11317 0.0178023 18
  249.16039 0.0985267 98
  249.16665 0.0985267 98
  251.13185 0.0306937 31
  251.18086 0.0926949 93
  258.12317 0.00798036 8
  259.10926 0.0451197 45
  260.15526 0.092081 92
  261.11488 0.019337 19
  262.12142 0.203192 203
  262.16467 0.0497238 50
  263.12570 0.0273174 27
  263.14552 0.105279 105
  263.16377 0.0352977 35
  264.15180 0.0190301 19
  275.16834 0.0254758 25
  276.07206 0.0092081 9
  276.13916 0.578269 578
  276.15004 0.0245549 25
  276.16564 0.0135052 13
  277.14495 0.152241 152
  277.15953 0.024248 24
  277.17776 0.0168815 17
  277.31060 0.0187231 19
  284.15626 0.0135052 13
  288.17287 0.0976059 98
  288.18899 0.0230203 23
  289.18033 0.0273174 27
  290.15309 0.381829 381
  290.40791 0.00675261 7
  291.15590 0.209945 210
  291.16813 0.0257827 26
  297.13190 0.0306937 31
  299.14409 0.0239411 24
  302.15470 0.0214856 21
  303.16431 0.0171885 17
  304.16844 0.0794966 79
  305.17701 0.735727 735
  305.21591 0.00736648 7
  306.18119 0.351136 351
  307.19766 0.00705955 7
  311.12521 0.0285451 29
  312.13863 0.0217925 22
  322.16972 0.0420503 42
  323.17935 0.0472683 47
  325.15150 0.0543278 54
  325.43202 0.00613874 6
  326.15481 0.0285451 29
  327.16369 0.0448128 45
  328.16930 0.0135052 13
  338.18803 0.0362185 36
  340.17060 0.0831799 83
  340.18446 0.029159 29
  349.18120 0.0214856 21
  351.16580 0.0260896 26
  351.21360 0.0475752 48
  353.23151 0.0613874 61
  354.18857 0.0208717 21
  354.21801 0.0135052 13
  367.18813 0.0159607 16
  368.19596 0.0325353 33
  369.23841 0.0276243 28
  370.20371 0.0187231 19
  377.21610 0.0110497 11
  379.20773 0.0352977 35
  379.21655 0.0408226 41
  380.19839 0.0509515 51
  381.20647 0.0463475 46
  396.23195 0.494475 494
  396.26191 0.043585 44
  397.23441 0.342234 342
  397.27188 0.0119705 12
//