ACCESSION: MycoMSB-HZI-000168
RECORD_TITLE: (3aS,8R)-3a,5,5,8-tetramethyl-3,3a,4,5,7,8-hexahydro-1Hcyclopenta[de]isochromen-1-one; timsTOF; MS2; CE:35.112; [M+H]+
DATE: 2026.06.26
AUTHORS: Charrià-Girón E, Surup F
LICENSE: CC BY
COPYRIGHT: Helmholtz Centre for Infection Research (HZI)
SP$SCIENTIFIC_NAME: Hypoxylon rickii
PUBLICATION: doi:10.1016/j.phytochem.2015.06.002
COMMENT: Converted from Bruker MetaboScape .library export
CH$NAME: (3aS,8R)-3a,5,5,8-tetramethyl-3,3a,4,5,7,8-hexahydro-1Hcyclopenta[de]isochromen-1-one
CH$COMPOUND_CLASS: Terpenoids
CH$FORMULA: C15H20O2
CH$EXACT_MASS: 232.1463
CH$SMILES: C1(C2=C3C(=CC1)C(CC3(COC2=O)C)(C)C)C
CH$IUPAC: InChI=1S/C15H20O2/c1-9-5-6-10-12-11(9)13(16)17-8-15(12,4)7-14(10,2)3/h6,9H,5,7-8H2,1-4H3/t9?,15-/m1/s1
CH$LINK: INCHIKEY PCEVLQFNPPWJEB-NZDRZINCSA-N
AC$INSTRUMENT: timsTOF Pro, Bruker Daltonics
AC$INSTRUMENT_TYPE: timsTOF
AC$MASS_SPECTROMETRY: MS_TYPE MS2
AC$MASS_SPECTROMETRY: ION_MODE POSITIVE
AC$MASS_SPECTROMETRY: COLLISION_ENERGY 35.112
AC$MASS_SPECTROMETRY: CCS 153.19947814941406
MS$FOCUSED_ION: BASE_PEAK 233.15361
MS$FOCUSED_ION: PRECURSOR_M/Z 233.15361
MS$FOCUSED_ION: PRECURSOR_TYPE [M+H]+
MS$DATA_PROCESSING: Converted with library_to_massbank.py
PK$SPLASH: splash10-067j-0900000000-bba155ff9695aac13aec
PK$NUM_PEAK: 119
PK$PEAK: m/z int. rel.int.
  53.03732 0.00613591 6
  55.05283 0.0384666 38
  57.03253 0.0108012 11
  57.06768 0.0104931 10
  59.04795 0.00761844 8
  67.05341 0.0214149 21
  69.06872 0.0374331 37
  77.03812 0.0254102 25
  79.05491 0.0460189 46
  81.06995 0.0141832 14
  83.08478 0.0072497 7
  91.05540 0.335543 335
  92.05757 0.0319445 32
  93.06981 0.106556 106
  95.08583 0.046213 46
  96.08918 0.00604173 6
  102.04709 0.0117738 12
  103.05420 0.0904824 90
  104.06018 0.0276986 28
  105.07340 0.813062 812
  106.07212 0.10094 101
  107.08551 0.0772942 77
  108.08888 0.0136433 14
  109.10050 0.0184173 18
  111.08103 0.0058247 6
  115.05409 0.136475 136
  116.06298 0.0477188 48
  117.07317 0.358666 358
  118.07507 0.0475747 48
  119.08677 1 999
  120.08874 0.139084 139
  121.06374 0.0860779 86
  121.10190 0.0403445 40
  122.06750 0.00503499 5
  128.06142 0.0299153 30
  129.07200 0.0555389 55
  130.07701 0.0694066 69
  131.04910 0.106727 107
  131.08470 0.420033 420
  132.05250 0.0254874 25
  132.09179 0.0809387 81
  133.06734 0.00559578 6
  133.10135 0.352489 352
  134.10526 0.0678964 68
  135.04338 0.0350817 35
  135.08075 0.0203923 20
  135.11744 0.017157 17
  141.06996 0.023989 24
  142.07657 0.0277698 28
  143.06334 0.00557993 6
  143.08518 0.084715 85
  144.05656 0.00591674 6
  144.09308 0.0954457 95
  145.06884 0.476807 476
  145.10101 0.672129 671
  146.07080 0.0775702 77
  146.10490 0.132333 132
  147.07732 0.0242856 24
  147.11451 0.301426 301
  148.12307 0.0471739 47
  149.06009 0.282388 282
  149.09676 0.0186985 19
  150.06567 0.0257446 26
  155.08590 0.0400135 40
  156.09298 0.0194079 19
  157.06915 0.00697081 7
  157.10187 0.159501 159
  158.07185 0.0300227 30
  158.10980 0.158022 158
  158.15363 0.00506732 5
  159.08192 0.26254 262
  159.11650 0.340178 340
  160.08470 0.0443847 44
  160.12036 0.0483783 48
  161.09656 0.0218186 22
  161.12979 0.0531969 53
  162.10150 0.0085578 9
  162.13522 0.00738585 7
  163.07545 0.358385 358
  163.11081 0.0147404 15
  163.14812 0.0104561 10
  164.08024 0.0614529 61
  167.08578 0.0207549 21
  169.10157 0.0207421 21
  171.08056 0.0195166 19
  171.11871 0.0262272 26
  172.08373 0.00850208 8
  172.12455 0.121345 121
  173.09635 0.100009 100
  173.12995 0.207944 208
  174.10148 0.0228206 23
  174.13906 0.0597364 60
  175.07463 0.0131914 13
  175.14452 0.0138523 14
  177.09093 0.130505 130
  177.16547 0.00698424 7
  178.09412 0.0247634 25
  182.10990 0.0292606 29
  185.09651 0.0179564 18
  186.10245 0.0310454 31
  187.10740 0.0113629 11
  187.14815 0.219842 220
  187.16225 0.00628933 6
  188.15089 0.0409123 41
  189.09066 0.0188021 19
  189.16893 0.0833578 83
  190.09338 0.00549622 5
  190.16782 0.0163563 16
  191.10704 0.0346021 35
  197.13308 0.0163233 16
  198.13498 0.00953109 10
  200.11961 0.00962216 10
  203.10918 0.00974632 10
  205.15909 0.0235154 23
  206.15923 0.00666972 7
  215.14314 0.0535708 54
  218.12920 0.00797479 8
  233.15398 0.0498693 50
  234.15545 0.0125182 13
//