ACCESSION: MycoMSB-HZI-002299
RECORD_TITLE: Zearalenone; timsTOF; MS2; CE:32.325581395348834; [M+H-H2O]+
DATE: 2026.06.26
AUTHORS: Charrià-Girón E, Surup F
LICENSE: CC BY
COPYRIGHT: Helmholtz Centre for Infection Research (HZI)
PUBLICATION: doi:10.1016/j.tet.2016.08.048
SP$SCIENTIFIC_NAME: Fusarium sp. PSU-ES123
COMMENT: Converted from Bruker MetaboScape .library export
CH$NAME: Zearalenone
CH$COMPOUND_CLASS: Polyketides
CH$FORMULA: C18H22O5
CH$EXACT_MASS: 318.1467
CH$SMILES: CC1(CCCC(CCCC(=C(C2=CC(=CC(=C2C(=O)O1)O)O)[H])[H])=O)[H]
CH$IUPAC: InChI=1S/C18H22O5/c1-12-6-5-9-14(19)8-4-2-3-7-13-10-15(20)11-16(21)17(13)18(22)23-12/h3,7,10-12,20-21H,2,4-6,8-9H2,1H3
CH$LINK: INCHIKEY MBMQEIFVQACCCH-LBPRGKRZSA-N
AC$INSTRUMENT: timsTOF Pro, Bruker Daltonics
AC$INSTRUMENT_TYPE: TIMS-TOF
AC$MASS_SPECTROMETRY: MS_TYPE MS2
AC$MASS_SPECTROMETRY: ION_MODE POSITIVE
AC$MASS_SPECTROMETRY: COLLISION_ENERGY 32.325581395348834
AC$MASS_SPECTROMETRY: CCS 150.42161560058594
MS$FOCUSED_ION: BASE_PEAK 301.14344
MS$FOCUSED_ION: PRECURSOR_M/Z 301.14344
MS$FOCUSED_ION: PRECURSOR_TYPE [M+H-H2O]+
MS$DATA_PROCESSING: Converted with library_to_massbank.py
PK$SPLASH: splash10-0w5i-0691000000-33633a0f6bced6ebe68d
PK$NUM_PEAK: 203
PK$PEAK: m/z int. rel.int.
  115.05476 0.0565153 56
  123.04444 0.0621915 62
  127.05520 0.0199901 20
  128.05687 0.0565153 56
  128.06409 0.0868707 87
  129.06426 0.0148075 15
  129.07137 0.0412142 41
  131.08550 0.0634255 63
  132.05977 0.0523198 52
  133.06341 0.0513327 51
  133.10079 0.0352912 35
  135.04419 0.0310958 31
  137.09507 0.0239388 24
  141.07035 0.0436821 44
  142.07910 0.0256663 26
  143.05029 0.0251728 25
  143.08504 0.0229516 23
  144.05483 0.0192498 19
  145.10244 0.0219645 22
  146.51905 0.00518263 5
  147.04399 0.121668 122
  147.08193 0.0478776 48
  148.08336 0.0219645 22
  149.02518 0.024926 25
  149.05643 0.0730503 73
  151.04076 0.0175222 18
  152.06328 0.0387463 39
  153.08344 0.0244324 24
  154.08565 0.0281343 28
  155.08918 0.0115992 12
  157.06481 0.0629319 63
  158.06811 0.0155479 16
  158.10744 0.0197433 20
  159.04703 0.0209773 21
  159.08100 0.0688549 69
  160.05073 0.0254195 25
  161.02186 0.0266535 27
  161.05990 0.385982 386
  161.10127 0.0306022 31
  162.06164 0.042695 43
  162.06761 0.0145607 15
  163.03676 0.0811945 81
  163.07879 0.0231984 23
  163.72864 0.0113524 11
  165.01814 0.0306022 31
  165.05230 0.0254195 25
  165.07240 0.0231984 23
  166.02033 0.0276407 28
  167.05156 0.0328233 33
  167.08620 0.0219645 22
  168.09464 0.0419546 42
  168.92512 0.0088845 9
  169.06340 0.0476308 48
  169.06950 0.0264067 26
  171.08063 0.0760118 76
  172.12179 0.0214709 21
  172.97656 0.0157947 16
  173.05901 0.185587 185
  173.09618 0.121422 121
  173.13294 0.0148075 15
  173.91181 0.00518263 5
  175.03859 0.151037 151
  175.07519 0.1577 158
  175.72354 0.00518263 5
  176.04716 0.0298618 30
  177.05451 0.127345 127
  178.06192 0.0357848 36
  179.03173 0.019003 19
  181.06514 0.107601 107
  184.86554 0.00987167 10
  185.06307 0.151037 151
  186.91931 0.005923 6
  187.04427 0.078233 78
  187.07559 0.129072 129
  188.05018 0.0271471 27
  188.08597 0.0649062 65
  188.29908 0.0298618 30
  189.05467 1 999
  189.06690 0.0370188 37
  189.12852 0.0298618 30
  189.81752 0.0103653 10
  190.05892 0.0737907 74
  190.09563 0.0185094 18
  191.03677 0.0784798 78
  191.07118 0.0587364 59
  191.87904 0.0103653 10
  195.08062 0.0957552 96
  197.06214 0.0614511 61
  197.09473 0.0185094 18
  197.11669 0.0202369 20
  198.06795 0.114758 115
  199.07651 0.285044 285
  199.15555 0.0372655 37
  200.07491 0.022458 22
  200.08462 0.0535538 54
  200.11695 0.019003 19
  201.05627 0.024926 25
  201.09129 0.0799605 80
  201.24706 0.00542942 5
  202.05782 0.0271471 27
  202.41596 0.0103653 10
  203.04179 0.0128332 13
  203.07247 0.300346 300
  203.11089 0.0204837 20
  203.14879 0.0239388 24
  203.20230 0.0162883 16
  204.07892 0.0389931 39
  204.76167 0.00616979 6
  205.05275 0.0254195 25
  207.07971 0.0794669 79
  209.07951 0.00839092 8
  209.09965 0.024926 25
  209.13380 0.0266535 27
  210.06249 0.0325765 33
  211.07435 0.103406 103
  211.11326 0.0222113 22
  212.08579 0.0478776 48
  212.12130 0.0261599 26
  213.05599 0.21002 210
  213.07236 0.016535 17
  213.09149 0.321076 321
  213.12975 0.121175 121
  214.06590 0.102912 103
  214.07590 0.00567621 6
  214.09906 0.0831688 83
  215.07152 0.504689 504
  215.10698 0.126111 126
  215.99809 0.005923 6
  216.07667 0.221372 221
  216.14065 0.00641658 6
  217.04997 0.0293682 29
  217.08684 0.0269003 27
  218.05589 0.0256663 26
  218.09244 0.0587364 59
  221.09392 0.0323297 32
  222.07021 0.0301086 30
  223.07583 0.117473 117
  224.08037 0.0357848 36
  225.09139 0.104146 104
  226.06386 0.143633 143
  226.09291 0.0412142 41
  226.09997 0.0197433 20
  227.07074 0.553801 553
  227.10599 0.066387 66
  227.14549 0.0207305 21
  227.72580 0.005923 6
  228.07318 0.202369 202
  228.08067 0.22384 224
  229.08679 0.157947 158
  230.08529 0.04615 46
  230.09241 0.0256663 26
  231.06652 0.0567621 57
  231.08052 0.0204837 20
  231.09479 0.0444225 44
  231.10333 0.0429418 43
  233.08220 0.0175222 18
  235.07573 0.0192498 19
  235.08532 0.0278875 28
  236.08350 0.111303 111
  237.08849 0.0969891 97
  237.12350 0.0138203 14
  239.07131 0.0278875 28
  239.10557 0.0735439 73
  240.08335 0.023692 24
  240.11222 0.100691 101
  241.08558 0.233218 233
  241.09708 0.0950148 95
  241.10723 0.005923 6
  241.12352 0.129319 129
  241.14367 0.00518263 5
  241.17282 0.00715696 7
  242.08919 0.0972359 97
  242.09922 0.0407206 41
  242.12356 0.0686081 69
  242.13087 0.0212241 21
  243.10106 0.270731 270
  244.34354 0.00765054 8
  245.12170 0.0291214 29
  253.08830 0.0493583 49
  253.09576 0.0239388 24
  254.09761 0.0703356 70
  255.10070 0.0483712 48
  255.11003 0.0330701 33
  255.13784 0.135489 135
  256.14084 0.0133268 13
  256.38624 0.011846 12
  259.09484 0.0431885 43
  259.13614 0.0219645 22
  265.12309 0.169299 169
  266.11718 0.00567621 6
  266.12833 0.0291214 29
  273.14706 0.0266535 27
  274.13809 0.0303554 30
  283.00916 0.00814413 8
  283.13253 0.594274 594
  283.14075 0.0616979 62
  284.13888 0.136969 137
  284.48997 0.00567621 6
  284.56121 0.0108588 11
  286.11750 0.0187562 19
  301.14452 0.776654 776
  302.14951 0.163623 163
  302.32987 0.0167818 17
//