ACCESSION: MycoMSB-HZI-000135
RECORD_TITLE: Truncaquinone B; timsTOF; MS2; CE:46.2; [M+H]+
DATE: 2026.06.26
AUTHORS: Unknown
LICENSE: CC BY
COPYRIGHT: Helmholtz Centre for Infection Research (HZI)
SP$SCIENTIFIC_NAME: Annulohypoxylon truncatum
PUBLICATION: doi:10.1016/j.tetlet.2016.04.014
COMMENT: Converted from Bruker MetaboScape .library export
CH$NAME: Truncaquinone B
CH$COMPOUND_CLASS: Amino acids and Peptides
CH$FORMULA: C27H22N2O4
CH$EXACT_MASS: 438.1580
CH$SMILES: C1(=C(C(C(=C(C1=O)C=2C=3C=CC=CC3NC2)O)=O)C=4C=5C=CC=CC5NC4C(C)(C=C)C)O
CH$IUPAC: InChI=1S/C27H22N2O4/c1-4-27(2,3)26-19(15-10-6-8-12-18(15)29-26)21-24(32)22(30)20(23(31)25(21)33)16-13-28-17-11-7-5-9-14(16)17/h4-13,28-30,33H,1H2,2-3H3
CH$LINK: INCHIKEY BKRWGHXVQLNRMR-UHFFFAOYSA-N
AC$INSTRUMENT: timsTOF Pro, Bruker Daltonics
AC$INSTRUMENT_TYPE: timsTOF
AC$MASS_SPECTROMETRY: MS_TYPE MS2
AC$MASS_SPECTROMETRY: ION_MODE POSITIVE
AC$MASS_SPECTROMETRY: COLLISION_ENERGY 46.2
AC$MASS_SPECTROMETRY: CCS 211.9104766845703
MS$FOCUSED_ION: BASE_PEAK 439.16523
MS$FOCUSED_ION: PRECURSOR_M/Z 439.16523
MS$FOCUSED_ION: PRECURSOR_TYPE [M+H]+
MS$DATA_PROCESSING: Converted with library_to_massbank.py
PK$SPLASH: splash10-006x-0319000000-10137963aa139d75c1d0
PK$NUM_PEAK: 141
PK$PEAK: m/z int. rel.int.
  69.07050 0.162261 162
  70.07267 0.0137653 14
  117.05587 0.0194633 19
  118.06493 0.0137923 14
  128.04949 0.0108237 11
  129.05697 0.0103973 10
  130.06451 0.07705 77
  142.06636 0.019058 19
  144.04524 0.0170274 17
  156.04423 0.0255884 26
  157.05178 0.0562182 56
  158.05982 0.532754 532
  159.06284 0.0524023 52
  160.06603 0.00727545 7
  168.04459 0.0192187 19
  168.08116 0.0124961 12
  169.05013 0.00740609 7
  170.05994 0.0892592 89
  182.05949 0.0245578 25
  183.06439 0.0104998 10
  184.03878 0.0124378 12
  184.11123 0.0114561 11
  185.07115 0.0248962 25
  186.05401 0.0363642 36
  187.06041 0.00668476 7
  194.06025 0.010815 11
  194.09629 0.00585029 6
  196.03904 0.0303342 30
  196.07415 0.00555378 6
  197.04401 0.00650605 6
  198.05602 0.0939612 94
  199.05866 0.013538 14
  208.11207 0.00722504 7
  210.05670 0.0322541 32
  211.05329 0.00820659 8
  212.03407 0.00501096 5
  223.05892 0.00855375 9
  226.05088 0.0429929 43
  228.06915 0.00889486 9
  236.10702 0.0140004 14
  238.05115 0.0116487 12
  240.06771 0.0117798 12
  245.10777 0.0125463 13
  248.10614 0.0092136 9
  254.08279 0.00838245 8
  256.06175 0.00533385 5
  256.10569 0.0121383 12
  257.11236 0.0130923 13
  258.11352 0.00735513 7
  259.12273 0.0660852 66
  259.13627 0.00615898 6
  268.10179 0.0132254 13
  269.10792 0.0684221 68
  270.11124 0.0105653 11
  271.11977 0.0498777 50
  273.10167 0.00989945 10
  276.10119 0.00969173 10
  280.06123 0.011344 11
  280.10041 0.00593903 6
  281.10603 0.0105875 11
  282.11192 0.00609519 6
  283.12283 0.00697363 7
  284.09368 0.00631573 6
  285.09988 0.0231644 23
  286.11064 0.00870965 9
  287.11922 0.0301265 30
  288.12225 0.011753 12
  289.07597 0.00584798 6
  294.11321 0.00574476 6
  296.09572 0.0116247 12
  296.12222 0.00732621 7
  297.10184 0.0588416 59
  298.08686 0.0164227 16
  298.10760 0.01942 19
  299.11871 0.0698569 70
  300.11304 0.00836185 8
  309.10477 0.024064 24
  310.10575 0.0169379 17
  312.09276 0.0315353 32
  313.09585 0.0287618 29
  314.10854 0.069321 69
  315.11633 0.145033 145
  316.09680 0.0263735 26
  316.11646 0.0359755 36
  322.10853 0.0105173 11
  323.11876 0.0149851 15
  324.09121 0.0152977 15
  324.11354 0.0158675 16
  325.09617 0.0422156 42
  326.10040 0.00984507 10
  327.11276 0.169866 170
  328.11678 0.0394209 39
  337.09566 0.0236448 24
  340.11004 0.00788244 8
  341.09330 0.0220864 22
  341.10573 0.0315907 32
  341.11536 0.0642739 64
  342.10010 0.17035 170
  342.12516 0.0537283 54
  343.10733 1 999
  343.13332 0.0141401 14
  344.08725 0.00874997 9
  344.11043 0.214033 214
  344.13017 0.00854112 9
  344.32500 0.00500619 5
  345.11390 0.0102065 10
  351.11169 0.0415539 42
  352.10726 0.0364034 36
  352.12156 0.0271225 27
  353.09261 0.0362167 36
  353.10627 0.0101733 10
  353.12067 0.0117921 12
  354.09871 0.00746971 7
  354.12193 0.00594773 6
  355.10577 0.043808 44
  356.11342 0.0293289 29
  366.10028 0.0107538 11
  367.10990 0.00729799 7
  369.12694 0.00625478 6
  370.09516 0.232318 232
  370.11915 0.0335842 34
  371.10186 0.533828 533
  371.12074 0.00514211 5
  372.10583 0.156989 157
  372.12618 0.00690477 7
  373.10675 0.0145899 15
  375.15701 0.0113082 11
  378.13252 0.0122055 12
  379.10713 0.0208099 21
  382.12109 0.00551078 6
  383.10190 0.0632162 63
  384.10443 0.0153777 15
  393.16312 0.0127593 13
  396.11220 0.00772241 8
  397.11760 0.0592578 59
  398.12070 0.0124618 12
  406.13039 0.0054796 5
  409.11500 0.00875625 9
  421.15921 0.0071206 7
  423.13911 0.0063686 6
  439.16436 0.00571665 6
//