ACCESSION: MycoMSB-HZI-002036
RECORD_TITLE: Eucalactam B; timsTOF; MS2; CE:37.46511627906977; [M+H]+
DATE: 2026.06.26
AUTHORS: Charrià-Girón E, Surup F
LICENSE: CC BY
COPYRIGHT: Helmholtz Centre for Infection Research (HZI)
PUBLICATION: doi:10.1021/acs.jafc.9b07825
SP$SCIENTIFIC_NAME: Diaporthe eucalyptorum KY-9
COMMENT: Converted from Bruker MetaboScape .library export
CH$NAME: Eucalactam B
CH$COMPOUND_CLASS: Polyketides
CH$FORMULA: C25H43N3O8
CH$EXACT_MASS: 513.3050
CH$SMILES: CCC(C)(C1(C(C)(C(=C(CCC(CC(C(C)(C(=NC(C(C)(O)[H])(C(=NCC(=NCC(=O)O1)O)O)[H])O)[H])(O)[H])(O)[H])[H])[H])[H])[H])[H]
CH$IUPAC: InChI=1S/C25H43N3O8/c1-6-14(2)23-15(3)9-7-8-10-18(30)11-19(31)16(4)24(34)28-22(17(5)29)25(35)27-12-20(32)26-13-21(33)36-23/h7,9,14-19,22-23,29-31H,6,8,10-13H2,1-5H3,(H,26,32)(H,27,35)(H,28,34)
CH$LINK: INCHIKEY GZYIEALVVYTAQB-MJQLVKIDSA-N
AC$INSTRUMENT: timsTOF Pro, Bruker Daltonics
AC$INSTRUMENT_TYPE: TIMS-TOF
AC$MASS_SPECTROMETRY: MS_TYPE MS2
AC$MASS_SPECTROMETRY: ION_MODE POSITIVE
AC$MASS_SPECTROMETRY: COLLISION_ENERGY 37.46511627906977
AC$MASS_SPECTROMETRY: CCS 226.956787109375
MS$FOCUSED_ION: BASE_PEAK 514.31229
MS$FOCUSED_ION: PRECURSOR_M/Z 514.31229
MS$FOCUSED_ION: PRECURSOR_TYPE [M+H]+
MS$DATA_PROCESSING: Converted with library_to_massbank.py
PK$SPLASH: splash10-08gj-0935000000-a9208f9332b4963d2fb6
PK$NUM_PEAK: 160
PK$PEAK: m/z int. rel.int.
  112.07794 0.0560632 56
  115.05090 0.0335885 34
  117.06969 0.0269202 27
  119.08603 0.132872 133
  121.10088 0.0711287 71
  122.10360 0.0397629 40
  123.11823 0.0950852 95
  125.05967 0.0568041 57
  126.33110 0.00666831 7
  130.05016 0.0182761 18
  131.04386 0.019511 19
  131.08147 0.0279081 28
  133.06178 0.27834 278
  133.10214 0.132131 132
  134.05852 0.0296369 30
  134.06938 0.0209928 21
  135.11657 0.0239565 24
  136.12201 0.0281551 28
  137.09613 0.106693 107
  137.13310 0.048654 49
  141.09037 0.0397629 40
  147.08912 0.0180291 18
  147.11750 0.215362 215
  149.09736 0.0461842 46
  149.13707 0.0456903 46
  150.09413 0.0158064 16
  150.14012 0.0271672 27
  151.11537 0.010126 10
  151.14806 0.0274142 27
  158.08134 0.849346 848
  158.12466 0.00889108 9
  159.07660 0.159546 159
  159.08602 0.0237096 24
  160.07997 0.019264 19
  161.13856 0.0214868 21
  162.01344 0.00518647 5
  162.10105 0.02939 29
  163.14844 0.172141 172
  164.15541 0.0395159 39
  165.09615 0.0259323 26
  165.12731 0.0530995 53
  165.17052 0.0340825 34
  167.10811 0.00543344 5
  168.10243 0.0108669 11
  169.08750 0.0207459 21
  170.07749 0.0261793 26
  173.09359 0.0249444 25
  173.13464 0.0353174 35
  175.11304 0.111386 111
  176.35424 0.0116078 12
  179.10690 0.0358113 36
  180.10056 0.0153124 15
  181.13275 0.0135836 14
  181.16012 0.048407 48
  182.07923 0.0269202 27
  182.10878 0.0160533 16
  183.11918 0.0187701 19
  184.09634 0.104717 105
  185.13348 0.0200049 20
  186.07602 0.131143 131
  186.11595 0.0348234 35
  187.15057 0.0864411 86
  189.08970 0.0264263 26
  189.12627 0.0281551 28
  189.16405 0.353421 353
  190.13220 0.0330946 33
  190.16767 0.0479131 48
  193.11383 0.103729 104
  193.12236 0.231662 231
  194.12594 0.0311188 31
  195.12540 0.0214868 21
  196.09675 0.0202519 20
  197.09248 0.0261793 26
  199.11136 0.0365522 37
  202.10893 0.0264263 26
  204.08847 0.0308718 31
  204.14657 0.0249444 25
  207.17786 0.0538405 54
  208.10210 0.0227217 23
  208.14418 0.0237096 24
  208.17896 0.0377871 38
  209.10475 0.0718696 72
  210.11670 0.0274142 27
  211.11554 0.0116078 12
  215.10247 0.0701408 70
  216.09698 0.00518647 5
  216.10847 0.02939 29
  217.09609 0.00592739 6
  217.19520 0.103729 104
  218.19915 0.0140776 14
  221.10626 0.0251914 25
  224.13095 0.0155594 16
  225.12497 0.0123487 12
  225.14609 0.0259323 26
  225.18484 0.077303 77
  226.11073 0.105458 105
  226.18941 0.0212398 21
  227.10546 0.0165473 17
  227.18326 0.0274142 27
  234.10788 0.0244505 24
  235.10457 0.0214868 21
  235.11417 0.0234626 23
  238.14355 0.0224747 22
  241.11703 0.0279081 28
  245.19000 0.0787849 79
  248.13099 0.019758 20
  251.13872 0.00568041 6
  258.13506 0.0160533 16
  263.20446 0.0565572 57
  264.20443 0.0372932 37
  265.20969 0.0281551 28
  270.13490 0.039269 39
  276.16006 0.0743393 74
  277.15859 0.0256854 26
  283.13306 0.0204989 20
  292.22492 0.0227217 23
  294.17000 0.194369 194
  294.18286 0.0163003 16
  295.17637 0.0200049 20
  295.20040 0.0511237 51
  301.23508 0.0405038 40
  312.17867 0.0246975 25
  313.18366 0.0424796 42
  318.23832 0.0237096 24
  328.23003 0.019264 19
  337.16588 0.0306248 31
  338.23520 0.0116078 12
  340.23176 0.0281551 28
  346.23831 0.5347 534
  346.25276 0.0350704 35
  347.24203 0.12324 123
  347.93235 0.00617436 6
  348.37599 0.00815016 8
  357.24010 0.0209928 21
  364.24877 1 999
  365.24906 0.348728 348
  366.25449 0.00592739 6
  366.41916 0.00518647 5
  382.18526 0.00666831 7
  382.25900 0.444307 444
  382.83995 0.0113608 11
  383.26277 0.161768 162
  383.40025 0.00518647 5
  384.27059 0.0242035 24
  390.84817 0.00740924 7
  395.25787 0.0479131 48
  397.25394 0.0224747 22
  403.25618 0.0175352 18
  406.26787 0.0279081 28
  413.26330 0.0493949 49
  422.27513 0.0261793 26
  434.27163 0.0118548 12
  439.27659 0.0234626 23
  460.28433 0.0155594 16
  468.31623 0.0239565 24
  470.32573 0.0217338 22
  479.30014 0.0242035 24
  496.30114 0.0493949 49
  498.57159 0.0116078 12
  515.31416 0.00815016 8
//