ACCESSION: MycoMSB-HZI-002067
RECORD_TITLE: Pleurothiazole; timsTOF; MS2; CE:34.83720930232558; [M+H]+
DATE: 2026.06.26
AUTHORS: Charrià-Girón E, Surup F
LICENSE: CC BY
COPYRIGHT: Helmholtz Centre for Infection Research (HZI)
PUBLICATION: doi:10.1021/acs.jnatprod.7b00713
SP$SCIENTIFIC_NAME: Hohenbuehelia grisea
COMMENT: Converted from Bruker MetaboScape .library export
CH$NAME: Pleurothiazole
CH$COMPOUND_CLASS: Terpenoids
CH$FORMULA: C22H25NO4S
CH$EXACT_MASS: 399.1504
CH$SMILES: CC1(COC2(C3=C(CC4(C(CCC5(C1(CCC542)[H])[H])(C(=O)O)[H])[H])C6=C(C=C3O)SC=N6)[H])[H]
CH$IUPAC: InChI=1S/C22H25NO4S/c1-10-8-27-20-18-13(19-17(7-16(18)24)28-9-23-19)6-15-12(21(25)26)2-3-14-11(10)4-5-22(14,15)20/h7,9-12,14-15,20,24H,2-6,8H2,1H3,(H,25,26)
CH$LINK: INCHIKEY VUPURRJSLQKYJL-POJXQBLJSA-N
AC$INSTRUMENT: timsTOF Pro, Bruker Daltonics
AC$INSTRUMENT_TYPE: TIMS-TOF
AC$MASS_SPECTROMETRY: MS_TYPE MS2
AC$MASS_SPECTROMETRY: ION_MODE POSITIVE
AC$MASS_SPECTROMETRY: COLLISION_ENERGY 34.83720930232558
AC$MASS_SPECTROMETRY: CCS 190.43203735351562
MS$FOCUSED_ION: BASE_PEAK 400.15771
MS$FOCUSED_ION: PRECURSOR_M/Z 400.15771
MS$FOCUSED_ION: PRECURSOR_TYPE [M+H]+
MS$DATA_PROCESSING: Converted with library_to_massbank.py
PK$SPLASH: splash10-0udi-0197100000-11efc716ffdfbebe8d53
PK$NUM_PEAK: 113
PK$PEAK: m/z int. rel.int.
  121.10138 0.0149073 15
  133.10178 0.0162608 16
  135.11747 0.00535627 5
  147.11719 0.0126515 13
  151.11235 0.0193325 19
  159.11713 0.00634497 6
  163.14735 0.00620098 6
  164.01687 0.0501454 50
  165.02172 0.00611459 6
  178.03229 0.0406904 41
  179.03782 0.00638337 6
  188.01680 0.0123924 12
  190.03284 0.0823214 82
  191.03604 0.00738167 7
  202.03258 0.167513 167
  203.03642 0.0221834 22
  204.04754 0.0308993 31
  214.03205 0.191357 191
  215.03529 0.0276933 28
  216.04819 0.0945986 95
  217.05105 0.0091191 9
  218.02647 0.00975263 10
  218.06415 0.00796721 8
  228.04746 0.0917573 92
  229.05137 0.0265318 27
  230.02590 0.00924388 9
  230.04256 0.00766004 8
  230.06364 0.0411703 41
  238.03247 0.00793841 8
  239.04038 0.0163376 16
  240.04836 0.100348 100
  241.05242 0.0127667 13
  242.06296 0.117176 117
  243.06663 0.0125076 12
  244.06946 0.00827438 8
  244.07908 0.0196397 20
  252.04827 0.0640928 64
  253.05150 0.0147825 15
  254.06368 0.193411 193
  255.06717 0.0343262 34
  256.07886 0.0533419 53
  257.08135 0.0070649 7
  258.09378 0.00623938 6
  264.04796 0.00891752 9
  265.05636 0.00597061 6
  266.06353 0.0896359 90
  267.06596 0.0240456 24
  268.07860 0.0714841 71
  269.08296 0.0107893 11
  270.05681 0.00718969 7
  270.09034 0.0105302 11
  270.09647 0.0105302 11
  278.06244 0.00813039 8
  279.06871 0.0147921 15
  280.07928 0.146894 147
  281.08365 0.0224426 22
  282.09540 0.0275301 28
  283.09645 0.00591301 6
  283.10255 0.00591301 6
  284.11061 0.0232297 23
  285.11290 0.00772723 8
  292.07787 0.0116244 12
  293.08469 0.0274053 27
  294.07539 0.00721848 7
  294.09442 0.221248 221
  295.09831 0.0518541 52
  296.08243 0.00619139 6
  296.09113 0.00578823 6
  296.11055 0.507914 507
  296.13153 0.00941667 9
  297.11380 0.0653407 65
  304.07788 0.00865834 9
  305.08065 0.00574983 6
  306.09567 0.0181422 18
  307.10155 0.0123636 12
  308.10964 0.0459314 46
  309.11434 0.00637377 6
  310.12625 0.00713209 7
  312.10436 0.00736247 7
  321.11673 0.00529867 5
  324.10486 0.0105973 11
  324.14117 0.127485 127
  325.14301 0.0198604 20
  326.11616 0.00517389 5
  326.15817 0.0659935 66
  327.15723 0.00753525 8
  334.12602 0.00800561 8
  335.12839 0.0080152 8
  336.14201 0.490684 490
  336.16405 0.00936867 9
  337.14548 0.0852203 85
  346.12516 0.00826478 8
  352.13273 0.0105014 10
  352.13976 0.0105014 10
  353.13935 0.0109429 11
  354.15145 1 999
  354.17446 0.0538987 54
  354.31019 0.00565384 6
  354.32537 0.00532747 5
  354.32923 0.00532747 5
  354.43429 0.0060186 6
  354.70777 0.00843756 8
  355.15548 0.215969 216
  356.15278 0.0109525 11
  364.13700 0.0259558 26
  381.13652 0.0122676 12
  382.12729 0.00595141 6
  382.14793 0.0541674 54
  383.15123 0.0121524 12
  399.14750 0.00965664 10
  400.15817 0.539054 539
  400.18233 0.00981023 10
  401.16167 0.096528 96
//