ACCESSION: MycoMSB-HZI-001000
RECORD_TITLE: Mycophenolic acid; timsTOF; MS2; CE:31.930232558139537; [M+H-2H2O]+
DATE: 2026.06.26
AUTHORS: Unknown
LICENSE: CC BY
COPYRIGHT: Helmholtz Centre for Infection Research (HZI)
SP$SCIENTIFIC_NAME: Aspergillus sp.
PUBLICATION: doi:10.1042/bj0500630
COMMENT: Converted from Bruker MetaboScape .library export
CH$NAME: Mycophenolic acid
CH$COMPOUND_CLASS: Polyketides
CH$FORMULA: C17H20O6
CH$EXACT_MASS: 320.1260
CH$SMILES: CC1=C2COC(=O)C2=C(C(=C1OC)C/C=C(\C)/CCC(=O)O)O
CH$IUPAC: InChI=1S/C17H20O6/c1-9(5-7-13(18)19)4-6-11-15(20)14-12(8-23-17(14)21)10(2)16(11)22-3/h4,20H,5-8H2,1-3H3,(H,18,19)/b9-4+
CH$LINK: INCHIKEY HPNSFSBZBAHARI-RUDMXATFSA-N
AC$INSTRUMENT: timsTOF Pro, Bruker Daltonics
AC$INSTRUMENT_TYPE: timsTOF
AC$MASS_SPECTROMETRY: MS_TYPE MS2
AC$MASS_SPECTROMETRY: ION_MODE POSITIVE
AC$MASS_SPECTROMETRY: COLLISION_ENERGY 31.930232558139537
AC$MASS_SPECTROMETRY: CCS 145.97872924804688
MS$FOCUSED_ION: BASE_PEAK 285.11214
MS$FOCUSED_ION: PRECURSOR_M/Z 285.11214
MS$FOCUSED_ION: PRECURSOR_TYPE [M+H-2H2O]+
MS$DATA_PROCESSING: Converted with library_to_massbank.py
PK$SPLASH: splash10-0079-0290000000-f170ca8d07c31534c0b2
PK$NUM_PEAK: 106
PK$PEAK: m/z int. rel.int.
  107.04823 0.0280791 28
  115.05474 0.0475431 47
  128.06038 0.0296745 30
  129.07133 0.0737077 74
  141.07029 0.0347798 35
  143.08578 0.0299936 30
  145.06470 0.0309509 31
  147.07997 0.0239311 24
  152.06321 0.027441 27
  153.06982 0.0679643 68
  155.08521 0.0280791 28
  159.04480 0.116146 116
  159.08046 0.0459477 46
  162.06153 0.0366943 37
  165.01602 0.0283982 28
  165.07028 0.0242502 24
  165.08636 0.0363752 36
  166.07638 0.0976388 98
  167.08205 0.0341417 34
  168.09251 0.0350989 35
  169.09990 0.0679643 68
  171.08281 0.0312699 31
  179.08504 0.125718 126
  180.09223 0.0765795 77
  181.06397 0.0456286 46
  181.10125 0.136248 136
  182.06451 0.0299936 30
  183.11711 0.0360562 36
  184.08785 0.00925335 9
  185.09732 0.0402042 40
  187.10958 0.0114869 11
  193.04671 0.0813657 81
  194.11718 0.0402042 40
  195.07885 0.098596 98
  195.08602 0.0379706 38
  196.08857 0.0845565 84
  197.06168 0.0376516 38
  198.10167 0.0424378 42
  199.07597 0.0226548 23
  201.05615 0.0226548 23
  207.06719 0.162093 162
  207.08250 0.0303127 30
  209.09296 0.0338226 34
  210.06443 0.0172304 17
  211.07223 0.0319081 32
  211.11171 0.0753031 75
  212.08472 0.015635 16
  212.11433 0.0239311 24
  213.08822 0.0424378 42
  213.12704 0.0386088 39
  213.13845 0.0398851 40
  214.05746 0.00893427 9
  214.09408 0.0344608 34
  215.07020 0.0331844 33
  217.04984 0.0277601 28
  221.09911 0.0245692 25
  223.07353 0.0641353 64
  223.08054 0.0366943 37
  223.11224 0.0571155 57
  224.08159 0.120932 121
  224.12140 0.0232929 23
  225.09015 0.146777 147
  225.53099 0.0137205 14
  226.09843 0.207722 208
  227.06991 0.0430759 43
  227.08169 0.0363752 36
  227.10291 0.0322272 32
  228.03971 0.0290364 29
  229.95703 0.00638162 6
  231.06372 0.0232929 23
  235.07557 0.0338226 34
  237.05349 0.0328653 33
  239.06955 0.043395 43
  239.10658 0.574346 574
  240.10952 0.118379 118
  240.11685 0.124442 124
  241.08604 0.219528 219
  241.11678 0.0676452 68
  241.12482 0.055201 55
  241.13299 0.0542438 54
  241.93602 0.0143586 14
  242.08559 0.154435 154
  242.09125 0.154435 154
  242.10149 0.0312699 31
  245.07500 0.0299936 30
  251.07014 0.0587109 59
  252.07822 0.126994 127
  253.66078 0.0201021 20
  255.06389 0.419272 419
  258.11966 0.0481812 48
  267.10028 0.0402042 40
  269.05953 0.0271219 27
  269.07980 0.488832 488
  270.08894 0.7291 728
  270.67583 0.00638162 6
  271.09201 0.172304 172
  271.61854 0.0175495 18
  280.63245 0.0137205 14
  282.96680 0.0140396 14
  284.30506 0.0137205 14
  285.11072 1 999
  286.11250 0.125718 126
  286.11941 0.125718 126
  286.13312 0.0252074 25
  286.32366 0.0114869 11
  287.11295 0.0232929 23
//