ACCESSION: MycoMSB-HZI-002298
RECORD_TITLE: Zearalenone; timsTOF; MS2; CE:31.976744186046513; [M+H-2H2O]+
DATE: 2026.06.26
AUTHORS: Charrià-Girón E, Surup F
LICENSE: CC BY
COPYRIGHT: Helmholtz Centre for Infection Research (HZI)
PUBLICATION: doi:10.1016/j.tet.2016.08.048
SP$SCIENTIFIC_NAME: Fusarium sp. PSU-ES123
COMMENT: Converted from Bruker MetaboScape .library export
CH$NAME: Zearalenone
CH$COMPOUND_CLASS: Polyketides
CH$FORMULA: C18H22O5
CH$EXACT_MASS: 318.1467
CH$SMILES: CC1(CCCC(CCCC(=C(C2=CC(=CC(=C2C(=O)O1)O)O)[H])[H])=O)[H]
CH$IUPAC: InChI=1S/C18H22O5/c1-12-6-5-9-14(19)8-4-2-3-7-13-10-15(20)11-16(21)17(13)18(22)23-12/h3,7,10-12,20-21H,2,4-6,8-9H2,1H3
CH$LINK: INCHIKEY MBMQEIFVQACCCH-LBPRGKRZSA-N
AC$INSTRUMENT: timsTOF Pro, Bruker Daltonics
AC$INSTRUMENT_TYPE: TIMS-TOF
AC$MASS_SPECTROMETRY: MS_TYPE MS2
AC$MASS_SPECTROMETRY: ION_MODE POSITIVE
AC$MASS_SPECTROMETRY: COLLISION_ENERGY 31.976744186046513
AC$MASS_SPECTROMETRY: CCS 146.73313903808594
MS$FOCUSED_ION: BASE_PEAK 283.13287
MS$FOCUSED_ION: PRECURSOR_M/Z 283.13287
MS$FOCUSED_ION: PRECURSOR_TYPE [M+H-2H2O]+
MS$DATA_PROCESSING: Converted with library_to_massbank.py
PK$SPLASH: splash10-003r-0390000000-e5d30f2efc744edf564e
PK$NUM_PEAK: 220
PK$PEAK: m/z int. rel.int.
  107.08708 0.00659962 7
  115.05453 0.0260842 26
  117.07358 0.00534255 5
  119.04951 0.0160905 16
  119.08306 0.0144563 14
  119.08999 0.0189818 19
  123.04617 0.0104965 10
  123.05311 0.00540541 5
  123.12079 0.00578253 6
  128.06218 0.00779384 8
  129.07063 0.0368322 37
  131.04790 0.00565682 6
  131.08750 0.0341295 34
  133.02681 0.00967945 10
  133.06470 0.00817096 8
  135.08237 0.00584538 6
  139.05300 0.00930233 9
  140.06148 0.00628536 6
  141.07036 0.0353865 35
  142.07351 0.00905091 9
  143.04819 0.0303583 30
  143.08551 0.0477058 48
  145.10056 0.00609679 6
  147.04568 0.0463859 46
  148.04910 0.00710245 7
  149.06021 0.0355751 36
  151.03884 0.0157134 16
  151.05807 0.00641106 6
  152.06288 0.0238215 24
  153.06969 0.0953488 95
  154.07982 0.0135764 14
  155.08723 0.00766813 8
  157.06459 0.0791955 79
  157.10206 0.00565682 6
  158.07191 0.0265242 26
  159.04308 0.012885 13
  159.07859 0.0170962 17
  159.08451 0.00597109 6
  160.05454 0.0354494 35
  161.05424 0.0690132 69
  161.06024 0.104274 104
  162.06363 0.014142 14
  162.06960 0.00653677 7
  163.03709 0.0237586 24
  163.07323 0.0121307 12
  164.07614 0.0136392 14
  165.05516 0.0162162 16
  165.06977 0.0385292 38
  166.07743 0.0179761 18
  167.04576 0.00861094 9
  167.08581 0.0629793 63
  168.06130 0.0135764 14
  168.09464 0.0169705 17
  169.06543 0.0062225 6
  169.10079 0.0113765 11
  171.04404 0.00741672 7
  171.08075 0.0379007 38
  171.16067 0.00615965 6
  172.08486 0.00911376 9
  172.12179 0.00842238 8
  173.06045 0.0806411 81
  173.09500 0.0108108 11
  174.06243 0.00653677 7
  175.03969 0.0397234 40
  175.07396 0.0118165 12
  176.04329 0.0432432 43
  176.04890 0.0432432 43
  177.05455 0.0748586 75
  177.07184 0.00678818 7
  178.05637 0.0118793 12
  178.08007 0.0106223 11
  181.06488 0.0811439 81
  181.09923 0.00911376 9
  181.10555 0.00559397 6
  182.06750 0.0144563 14
  182.07939 0.0070396 7
  182.10472 0.0062225 6
  183.08335 0.017599 18
  183.09182 0.00584538 6
  183.11722 0.00597109 6
  184.05187 0.0111251 11
  184.09220 0.00634821 6
  185.06066 0.0353865 35
  185.09246 0.0157762 16
  186.06297 0.0290383 29
  186.06899 0.0290383 29
  186.10281 0.0189818 19
  187.07656 0.0787555 79
  187.08615 0.0104337 10
  188.05018 0.00628536 6
  188.07806 0.00509114 5
  189.05529 0.382904 383
  189.07069 0.0349466 35
  190.05872 0.0735387 73
  191.07100 0.0294783 29
  191.08467 0.00672533 7
  192.07410 0.00710245 7
  193.06412 0.0226273 23
  193.07182 0.0208045 21
  194.07358 0.0263985 26
  195.07995 0.0354494 35
  195.09050 0.0070396 7
  195.11612 0.0436832 44
  195.12327 0.00509114 5
  196.08474 0.0173476 17
  196.08948 0.0173476 17
  197.05945 0.0605908 61
  197.09033 0.00735387 7
  198.06705 0.0386549 39
  198.10618 0.00590823 6
  198.13481 0.00571967 6
  199.07601 0.182904 183
  200.04641 0.0280955 28
  200.08022 0.0638592 64
  201.05445 0.0560654 56
  201.09059 0.0439346 44
  202.05878 0.0366436 37
  202.06378 0.0366436 37
  203.07108 0.0932747 93
  204.07687 0.0152734 15
  205.09307 0.00559397 6
  206.06945 0.00804525 8
  207.07812 0.00873664 9
  208.09002 0.00672533 7
  209.05990 0.0346323 35
  209.09783 0.0238215 24
  209.13606 0.00741672 7
  210.06584 0.0426147 43
  210.07589 0.00609679 6
  210.10083 0.00559397 6
  211.07498 0.0662476 66
  211.10918 0.0355123 35
  211.11473 0.0355123 35
  212.07894 0.0734758 73
  212.08443 0.0734758 73
  213.05428 0.286989 287
  213.07236 0.00509114 5
  213.08149 0.00917662 9
  213.09200 0.151351 151
  213.12702 0.0462602 46
  214.06119 0.165431 165
  214.09634 0.0219359 22
  214.13770 0.00590823 6
  215.07067 0.205343 205
  216.07566 0.0358894 36
  217.08703 0.0243872 24
  217.09303 0.0243872 24
  218.09082 0.0174733 17
  219.08301 0.0177247 18
  219.12124 0.02577 26
  220.08864 0.00659962 7
  220.11881 0.00678818 7
  221.05958 0.0216216 22
  222.10448 0.0275927 28
  223.07549 0.091829 92
  223.11105 0.00509114 5
  224.08254 0.04978 50
  224.11451 0.00760528 8
  225.05217 0.012885 13
  225.09028 0.0688875 69
  226.06240 0.230421 230
  226.09779 0.00747957 7
  227.07023 0.542238 542
  227.08655 0.00553111 6
  227.10566 0.0563168 56
  228.07749 0.273036 273
  228.08683 0.0953488 95
  229.08494 0.059648 60
  230.09406 0.0104965 10
  231.08130 0.0145192 15
  232.09298 0.0123193 12
  233.09599 0.0243872 24
  235.07419 0.0307354 31
  236.08378 0.0775613 77
  236.12014 0.0108108 11
  237.09330 0.0449403 45
  237.12810 0.0656191 66
  238.09520 0.00534255 5
  238.12658 0.00609679 6
  239.06917 0.0676304 68
  239.10735 0.0906348 91
  240.07874 0.0987429 99
  240.10758 0.0460088 46
  240.11503 0.0440603 44
  241.06837 0.00634821 6
  241.08611 0.454368 454
  241.11523 0.037775 38
  241.12181 0.0367693 37
  242.09254 0.139535 139
  242.12356 0.00559397 6
  243.09514 0.0172847 17
  247.11179 0.0426147 43
  248.11208 0.0108737 11
  248.12025 0.0113136 11
  249.09248 0.0204274 20
  250.09663 0.121684 122
  251.10593 0.0401006 40
  252.10630 0.0238215 24
  252.11376 0.0204903 20
  253.08867 0.0636078 64
  254.09498 0.156882 157
  254.13453 0.00553111 6
  255.10221 0.200566 200
  255.13971 0.0815211 81
  256.10603 0.0309239 31
  256.14262 0.0273413 27
  264.11465 0.00804525 8
  265.12232 0.356191 356
  266.09677 0.00729101 7
  266.12402 0.0619107 62
  267.10175 0.021873 22
  268.10872 0.178316 178
  269.11301 0.0225644 23
  281.11615 0.0104965 10
  281.12673 0.0116279 12
  282.12568 0.00515399 5
  283.13296 1 999
  283.15127 0.0070396 7
  284.13614 0.218919 219
  285.13937 0.00867379 9
//