ACCESSION: MycoMSB-HZI-003151
RECORD_TITLE: Elaeicolaside C; timsTOF; MS2; CE:34.72093023255814; [M+H-H2O]+
DATE: 2026.06.26
AUTHORS: Charrià-Girón E, Surup F
LICENSE: CC BY
COPYRIGHT: Helmholtz Centre for Infection Research (HZI)
PUBLICATION: doi:10.1016/j.simyco.2020.01.001
COMMENT: Converted from Bruker MetaboScape .library export
CH$NAME: Elaeicolaside C
CH$FORMULA: C26H40O8
CH$EXACT_MASS: 480.2723
CH$SMILES: C
CH$IUPAC: InChI=1S/C26H42O8/c1-23(11-12-33-22-21(31)20(30)19(29)17(14-27)34-22)9-10-26(32)16(13-23)5-6-18-24(2,15-28)7-4-8-25(18,26)3/h5-6,13,17-22,27-32H,4,7-12,14-15H2,1-3H3/t17-,18+,19-,20+,21+,22+,23-,24+,25+,26-/m1/s1
CH$LINK: INCHIKEY ZYNRBYMEEMYOLK-NZZGPMRASA-N
SP$SCIENTIFIC_NAME: Dematophora bunodes
AC$INSTRUMENT: timsTOF Pro, Bruker Daltonics
AC$INSTRUMENT_TYPE: TIMS-TOF
AC$MASS_SPECTROMETRY: MS_TYPE MS2
AC$MASS_SPECTROMETRY: ION_MODE POSITIVE
AC$MASS_SPECTROMETRY: COLLISION_ENERGY 34.72093023255814
AC$MASS_SPECTROMETRY: CCS 182.68319702148438
MS$FOCUSED_ION: BASE_PEAK 463.26903
MS$FOCUSED_ION: PRECURSOR_M/Z 463.26903
MS$FOCUSED_ION: PRECURSOR_TYPE [M+H-H2O]+
MS$DATA_PROCESSING: Converted with library_to_massbank.py
PK$SPLASH: splash10-002e-0269500000-51916f79116eda4ba49f
PK$NUM_PEAK: 294
PK$PEAK: m/z int. rel.int.
  115.05290 0.0387535 39
  119.08415 0.0435477 44
  123.08241 0.0351578 35
  123.11712 0.0423492 42
  123.12579 0.0994806 99
  125.05993 0.0347583 35
  129.05871 0.0359569 36
  131.08858 0.169397 169
  132.08830 0.0411506 41
  133.05184 0.0363564 36
  145.10217 0.0399521 40
  146.10631 0.0347583 35
  147.11672 0.184179 184
  148.11926 0.0351578 35
  153.08702 0.0371554 37
  155.08304 0.0343588 34
  155.94523 0.00519377 5
  157.06647 0.0363564 36
  157.09980 0.0463444 46
  158.10199 0.0982821 98
  159.11470 0.0898921 90
  161.13074 0.0994806 99
  161.13669 0.0287655 29
  168.11053 0.0351578 35
  172.11940 0.0307631 31
  173.07909 0.0499401 50
  173.09350 0.0455453 45
  175.10996 0.0403516 40
  176.11738 0.0475429 47
  179.10673 0.0439473 44
  180.11927 0.0235717 24
  183.11685 0.0555334 55
  184.12367 0.0419497 42
  186.60683 0.00878945 9
  187.11359 0.0431482 43
  188.15063 0.0443468 44
  189.12814 0.0375549 38
  191.11023 0.0331602 33
  191.14050 0.0251698 25
  193.12004 0.0251698 25
  195.11726 0.103875 104
  196.11832 0.0379545 38
  199.09555 0.0319616 32
  199.14631 0.0403516 40
  201.15601 0.0127847 13
  201.16500 0.0942869 94
  202.13301 0.0351578 35
  202.82300 0.00799041 8
  203.08596 0.0347583 35
  203.10379 0.0507391 51
  205.10161 0.0351578 35
  205.11900 0.0922893 92
  205.12297 0.0922893 92
  205.15762 0.0407511 41
  207.13781 0.0771075 77
  209.09492 0.0379545 38
  211.07192 0.0443468 44
  211.15146 0.0379545 38
  213.12638 0.134239 134
  213.16098 0.029165 29
  214.16930 0.0459449 46
  215.14026 0.0922893 92
  217.12326 0.0447463 45
  218.13167 0.0131842 13
  221.09180 0.0451458 45
  221.13095 0.049141 49
  226.13007 0.0347583 35
  227.13322 0.0651219 65
  227.14029 0.0627247 63
  227.14736 0.0375549 38
  227.17565 0.0327607 33
  227.18508 0.0243708 24
  228.18111 0.019976 20
  237.16153 0.0231722 23
  238.16710 0.0243708 24
  241.15286 0.0311626 31
  241.19901 0.0467439 47
  245.11871 0.0179784 18
  245.18729 0.0331602 33
  246.15666 0.0699161 70
  247.16541 0.0295645 30
  249.81115 0.0219736 22
  251.14054 0.0387535 39
  251.17928 0.0703156 70
  252.47594 0.0159808 16
  253.12008 0.0375549 38
  253.15492 0.0231722 23
  253.18977 0.0243708 24
  255.13488 0.0307631 31
  255.20792 0.140232 140
  256.21037 0.0343588 34
  257.15265 0.0499401 50
  258.16200 0.0411506 41
  259.17288 0.0819017 82
  262.17359 0.0363564 36
  263.17243 0.0475429 47
  263.18143 0.0571314 57
  264.14267 0.0375549 38
  265.15800 0.0595286 59
  265.19620 0.039153 39
  266.16251 0.0243708 24
  267.17403 0.0287655 29
  267.20471 0.0399521 40
  267.21580 0.0703156 70
  269.19000 0.0327607 33
  271.20067 0.0579305 58
  272.20881 0.0387535 39
  273.18262 0.0343588 34
  273.22140 0.0531362 53
  273.23174 0.038354 38
  275.14584 0.0375549 38
  275.18217 0.0327607 33
  275.19887 0.0719137 72
  275.61567 0.0119856 12
  277.15515 0.0351578 35
  277.19682 0.0403516 40
  278.19516 0.0339592 34
  279.17354 0.0579305 58
  280.13962 0.0523372 52
  281.22455 0.0547343 55
  282.19333 0.0411506 41
  283.20824 0.157811 158
  285.18624 0.0275669 28
  285.22456 0.0970835 97
  287.16289 0.0147823 15
  290.20595 0.0331602 33
  291.20978 0.067519 67
  293.16863 0.0347583 35
  293.19005 0.0503396 50
  293.22220 0.0311626 31
  295.20618 0.0846984 85
  296.21365 0.0379545 38
  297.18533 0.0827008 83
  297.21859 0.103476 103
  297.22750 0.0719137 72
  298.18757 0.0535358 53
  298.22269 0.0838993 84
  298.23079 0.0475429 47
  299.19064 0.109469 109
  299.20122 0.272873 273
  299.22569 0.0323612 32
  299.30146 0.0275669 28
  300.18702 0.0267679 27
  300.20328 0.0711147 71
  301.21555 0.159808 160
  301.22862 0.0327607 33
  301.86422 0.0119856 12
  302.21763 0.0523372 52
  302.22850 0.0431482 43
  302.23938 0.0115861 12
  302.99584 0.00759089 8
  304.20324 0.0331602 33
  304.22233 0.0479425 48
  305.15339 0.0367559 37
  307.17109 0.0795046 79
  307.18425 0.0451458 45
  307.20306 0.0902917 90
  309.16407 0.0287655 29
  309.22072 0.0803036 80
  310.22387 0.0231722 23
  311.20380 0.0439473 44
  313.20371 0.096684 97
  313.21281 0.102277 102
  313.22309 0.0363564 36
  315.19368 0.21654 216
  315.24169 0.0279664 28
  315.62229 0.0175789 18
  316.13382 0.00719137 7
  317.17763 0.0187775 19
  317.19434 0.0343588 34
  317.21106 0.0579305 58
  318.20083 0.0327607 33
  318.21269 0.12465 125
  318.72003 0.0139832 14
  320.85150 0.0187775 19
  321.04486 0.00918897 9
  321.21304 0.029165 29
  323.20095 0.0475429 47
  325.17622 0.0535358 53
  325.21427 0.109469 109
  327.15554 0.019976 20
  327.18949 0.0743108 74
  327.19798 0.00838993 8
  327.21212 0.059129 59
  327.23655 0.078306 78
  327.62819 0.0123851 12
  329.20712 0.0223732 22
  329.43705 0.0227727 23
  331.17118 0.0227727 23
  331.22527 0.0287655 29
  332.23380 0.038354 38
  333.21531 0.0595286 59
  336.20295 0.0699161 70
  337.21198 0.0731123 73
  338.20787 0.0403516 40
  338.23663 0.0435477 44
  339.23298 0.135837 136
  340.26780 0.0367559 37
  341.21089 0.271674 271
  341.23753 0.0419497 42
  342.21533 0.028366 28
  343.20277 0.0203755 20
  343.22539 1 999
  343.24365 0.0339592 34
  343.44623 0.0151818 15
  344.22761 0.276069 276
  344.56319 0.00719137 7
  345.08312 0.00838993 8
  345.18192 0.0407511 41
  345.21099 0.0263684 26
  345.22552 0.0451458 45
  345.24005 0.0231722 23
  346.22602 0.0347583 35
  347.19883 0.0323612 32
  350.31570 0.00838993 8
  352.20660 0.0403516 40
  352.24477 0.0319616 32
  353.20943 0.0735118 73
  353.22599 0.0523372 52
  353.25538 0.0251698 25
  354.18796 0.0287655 29
  354.25273 0.0335597 34
  355.22507 0.185777 186
  355.25443 0.00759089 8
  356.22801 0.0203755 20
  356.24573 0.0127847 13
  357.23898 0.127847 128
  359.22087 0.0667199 67
  360.22529 0.0938873 94
  361.23188 0.0547343 55
  363.22972 0.157811 158
  363.24439 0.029964 30
  364.19900 0.0363564 36
  364.23781 0.019177 19
  365.21167 0.0423492 42
  369.24331 0.0227727 23
  370.24490 0.0279664 28
  371.22374 0.0515382 51
  372.22801 0.0359569 36
  373.23665 0.0779065 78
  374.24667 0.0235717 24
  379.22581 0.0687175 69
  379.40860 0.0103875 10
  381.20530 0.0207751 21
  381.24108 0.161007 161
  381.26230 0.0475429 47
  382.24438 0.0359569 36
  383.22186 0.0930883 93
  383.65857 0.0103875 10
  385.23751 0.20016 200
  386.23344 0.0619257 62
  391.22835 0.0503396 50
  392.22953 0.0375549 38
  394.01904 0.019177 19
  397.24451 0.0655214 65
  398.24370 0.029964 30
  399.25170 0.321614 321
  399.26703 0.0447463 45
  400.21896 0.0407511 41
  400.25219 0.0739113 74
  400.27216 0.0379545 38
  400.86698 0.0107871 11
  401.22567 0.0611266 61
  401.25855 0.0335597 34
  401.42464 0.00998801 10
  409.23552 0.168198 168
  410.23592 0.0603276 60
  411.70007 0.0151818 15
  415.24438 0.0647223 65
  416.25436 0.0227727 23
  417.26638 0.170196 170
  418.12659 0.00838993 8
  418.26414 0.0239712 24
  419.24208 0.0759089 76
  420.24348 0.0307631 31
  427.24426 0.693568 693
  427.27587 0.00719137 7
  427.66719 0.0119856 12
  428.24872 0.354774 354
  428.26117 0.164602 164
  445.25463 0.880144 879
  445.27716 0.0355573 36
  446.26228 0.389932 390
  446.59182 0.0143827 14
  446.82324 0.0155813 16
  447.33588 0.0111866 11
  447.38882 0.0147823 15
  461.03652 0.00918897 9
  463.26799 0.873751 873
  463.29291 0.0539353 54
  464.00022 0.0135837 14
  464.27012 0.216141 216
  465.14652 0.00878945 9
  465.24099 0.0379545 38
//