ACCESSION: MycoMSB-HZI-000751
RECORD_TITLE: Rhodocorane D; timsTOF; MS2; CE:31.558139534883722; [M+H-H2O]+
DATE: 2026.06.26
AUTHORS: Unknown
LICENSE: CC BY
COPYRIGHT: Helmholtz Centre for Infection Research (HZI)
SP$SCIENTIFIC_NAME: Rhodotus palmatus
PUBLICATION: doi:10.1021/acs.orglett.9b01017
COMMENT: Converted from Bruker MetaboScape .library export
CH$NAME: Rhodocorane D
CH$COMPOUND_CLASS: Terpenoids
CH$FORMULA: C15H21NO3
CH$EXACT_MASS: 263.1521
CH$SMILES: C[C@@H]1CC[C@@H]([C@]12C(=O)C(=C(C(=O)C2=O)C)N)C(C)C
CH$IUPAC: InChI=1S/C15H21NO3/c1-7(2)10-6-5-8(3)15(10)13(18)11(16)9(4)12(17)14(15)19/h7-8,10H,5-6,16H2,1-4H3/t8-,10-,15+/m1/s1
CH$LINK: INCHIKEY PIGBFRXBCWBHTG-FFIJEWMLSA-N
AC$INSTRUMENT: timsTOF Pro, Bruker Daltonics
AC$INSTRUMENT_TYPE: timsTOF
AC$MASS_SPECTROMETRY: MS_TYPE MS2
AC$MASS_SPECTROMETRY: ION_MODE POSITIVE
AC$MASS_SPECTROMETRY: COLLISION_ENERGY 31.558139534883722
AC$MASS_SPECTROMETRY: CCS 136.05722045898438
MS$FOCUSED_ION: BASE_PEAK 246.14886
MS$FOCUSED_ION: PRECURSOR_M/Z 246.14886
MS$FOCUSED_ION: PRECURSOR_TYPE [M+H-H2O]+
MS$DATA_PROCESSING: Converted with library_to_massbank.py
PK$SPLASH: splash10-0007-0930000000-4936738b0dde7753fd77
PK$NUM_PEAK: 190
PK$PEAK: m/z int. rel.int.
  102.76280 0.0167286 17
  106.62141 0.0167286 17
  109.94837 0.0167286 17
  110.46070 0.0167286 17
  112.17209 0.0167286 17
  118.41787 0.0167286 17
  119.08607 0.228625 228
  125.30343 0.0167286 17
  130.10238 0.0167286 17
  144.08677 0.19145 191
  144.14686 0.0762082 76
  144.40051 0.0167286 17
  145.09870 0.215613 215
  146.05934 0.22119 221
  146.06691 0.230483 230
  147.04023 0.0167286 17
  148.11004 0.19145 191
  155.14181 0.0167286 17
  161.07749 0.139405 139
  161.08741 0.211896 212
  161.09535 0.122677 123
  163.06286 0.144981 145
  163.07624 0.22119 221
  165.44647 0.0167286 17
  173.05796 0.494424 494
  174.64909 0.0167286 17
  174.88070 0.0947955 95
  175.16213 0.0167286 17
  176.06799 0.340149 340
  176.07421 0.14684 147
  177.07416 0.641264 641
  183.10249 0.0501859 50
  183.50699 0.0167286 17
  185.12306 0.163569 163
  189.07509 1 999
  189.98360 0.0204461 20
  190.08832 0.927509 927
  191.07034 0.689591 689
  191.07557 0.689591 689
  191.09004 0.330855 331
  192.15009 0.0167286 17
  194.09996 0.267658 267
  194.25472 0.0167286 17
  194.76084 0.0167286 17
  198.42787 0.0167286 17
  202.08906 0.100372 100
  203.09625 0.280669 280
  203.39646 0.0167286 17
  205.16936 0.0483271 48
  214.24314 0.0167286 17
  214.40802 0.0167286 17
  217.46972 0.0167286 17
  218.15617 0.234201 234
  222.02373 0.0167286 17
  222.38747 0.0167286 17
  231.12584 0.180297 180
  231.95176 0.0185874 19
  232.12680 0.44052 440
  246.14898 0.986989 986
  247.15288 0.944238 943
  255.82315 0.0167286 17
  262.09581 0.0167286 17
  283.31462 0.0167286 17
  296.09604 0.0167286 17
  305.54786 0.0167286 17
  307.83795 0.0167286 17
  310.39834 0.0167286 17
  320.23070 0.0167286 17
  334.64260 0.0167286 17
  355.17289 0.0167286 17
  357.71262 0.0167286 17
  366.84668 0.0167286 17
  381.01095 0.0167286 17
  401.67026 0.0167286 17
  418.98221 0.0167286 17
  419.58757 0.0167286 17
  422.78170 0.0185874 19
  427.78809 0.0167286 17
  432.94436 0.0167286 17
  454.87529 0.0167286 17
  456.85241 0.0167286 17
  457.44103 0.0167286 17
  477.46083 0.0167286 17
  497.78373 0.0167286 17
  498.11882 0.0167286 17
  510.56807 0.0167286 17
  521.65510 0.0167286 17
  535.29043 0.0167286 17
  552.93502 0.0167286 17
  564.97601 0.0167286 17
  566.22595 0.0167286 17
  568.31225 0.0167286 17
  573.79582 0.0167286 17
  576.27520 0.0167286 17
  579.58434 0.0167286 17
  579.90071 0.0167286 17
  583.35245 0.0167286 17
  584.77762 0.0167286 17
  616.79276 0.0167286 17
  616.81218 0.0167286 17
  630.37406 0.0167286 17
  646.13744 0.0167286 17
  670.48569 0.0167286 17
  684.70407 0.0167286 17
  751.33454 0.0167286 17
  753.76758 0.0167286 17
  758.44728 0.0167286 17
  772.57328 0.0167286 17
  790.68235 0.0167286 17
  795.10015 0.0167286 17
  801.41113 0.0167286 17
  836.24628 0.0167286 17
  856.38215 0.0167286 17
  857.35745 0.0167286 17
  860.45184 0.0167286 17
  868.87373 0.0167286 17
  875.72039 0.0167286 17
  880.72214 0.0167286 17
  883.30506 0.0167286 17
  890.92711 0.0167286 17
  901.41628 0.0167286 17
  902.22424 0.0167286 17
  907.00420 0.0167286 17
  909.22911 0.0167286 17
  914.22147 0.0167286 17
  917.07564 0.0167286 17
  917.87163 0.0167286 17
  936.99748 0.0167286 17
  963.27464 0.0167286 17
  996.38765 0.0167286 17
  999.92609 0.0167286 17
  1006.10864 0.0167286 17
  1034.85515 0.0167286 17
  1042.55324 0.0167286 17
  1049.61587 0.0167286 17
  1053.75522 0.0167286 17
  1060.59072 0.0167286 17
  1061.36517 0.0167286 17
  1078.08427 0.0167286 17
  1079.62562 0.0167286 17
  1101.24224 0.0167286 17
  1105.85135 0.0167286 17
  1107.37077 0.0167286 17
  1110.72550 0.0167286 17
  1128.75217 0.0167286 17
  1178.28421 0.0167286 17
  1178.34864 0.0167286 17
  1219.99079 0.0167286 17
  1234.34723 0.0167286 17
  1245.69408 0.0167286 17
  1273.83049 0.0167286 17
  1274.74623 0.0167286 17
  1276.39987 0.0167286 17
  1277.27181 0.0167286 17
  1293.24262 0.0167286 17
  1304.73773 0.0167286 17
  1305.78321 0.0167286 17
  1324.77585 0.0167286 17
  1335.82103 0.0167286 17
  1338.20608 0.0167286 17
  1350.81856 0.0167286 17
  1359.96339 0.0167286 17
  1375.53633 0.0167286 17
  1386.68002 0.0167286 17
  1398.28394 0.0167286 17
  1434.99116 0.0167286 17
  1446.62852 0.0167286 17
  1456.30055 0.0167286 17
  1462.23408 0.0167286 17
  1474.60583 0.0167286 17
  1514.02359 0.0167286 17
  1517.19632 0.0167286 17
  1533.20231 0.0167286 17
  1538.57240 0.0167286 17
  1554.09762 0.0167286 17
  1584.65947 0.0167286 17
  1590.00034 0.0167286 17
  1594.91289 0.0167286 17
  1600.96564 0.0167286 17
  1618.06621 0.0167286 17
  1627.25942 0.0167286 17
  1641.02518 0.0167286 17
  1659.47186 0.0167286 17
  1679.66879 0.0167286 17
  1686.65095 0.0167286 17
  1693.77633 0.0167286 17
  1720.66922 0.0167286 17
  1753.99193 0.0167286 17
  1776.44175 0.0167286 17
  1787.66728 0.0167286 17
//