ACCESSION: MycoMSB-HZI-000516
RECORD_TITLE: Obionin A; timsTOF; MS2; CE:33.55813953488372; [M+H]+
DATE: 2026.06.26
AUTHORS: Unknown
LICENSE: CC BY
COPYRIGHT: Helmholtz Centre for Infection Research (HZI)
SP$SCIENTIFIC_NAME: Leptosphaeria obiones
PUBLICATION: doi:10.1016/s0040-4039(00)99419-x
COMMENT: Converted from Bruker MetaboScape .library export
CH$NAME: Obionin A
CH$COMPOUND_CLASS: Polyketides
CH$FORMULA: C21H24O5
CH$EXACT_MASS: 356.1624
CH$SMILES: CCC(C)CC(C)C1=CC2=CC=3C=C(C(C(C3C(=C2CO1)O)=O)=O)OC
CH$IUPAC: InChI=1S/C21H24O5/c1-5-11(2)6-12(3)16-8-13-7-14-9-17(25-4)20(23)21(24)18(14)19(22)15(13)10-26-16/h7-9,11-12,22H,5-6,10H2,1-4H3
CH$LINK: INCHIKEY BRHYSVIYRNFZEB-UHFFFAOYSA-N
AC$INSTRUMENT: timsTOF Pro, Bruker Daltonics
AC$INSTRUMENT_TYPE: timsTOF
AC$MASS_SPECTROMETRY: MS_TYPE MS2
AC$MASS_SPECTROMETRY: ION_MODE POSITIVE
AC$MASS_SPECTROMETRY: COLLISION_ENERGY 33.55813953488372
AC$MASS_SPECTROMETRY: CCS 167.65882873535156
MS$FOCUSED_ION: BASE_PEAK 357.16965
MS$FOCUSED_ION: PRECURSOR_M/Z 357.16965
MS$FOCUSED_ION: PRECURSOR_TYPE [M+H]+
MS$DATA_PROCESSING: Converted with library_to_massbank.py
PK$SPLASH: splash10-001i-0190000000-9ef4d32f1df52bdf828a
PK$NUM_PEAK: 204
PK$PEAK: m/z int. rel.int.
  127.05395 0.00535348 5
  128.06275 0.00817111 8
  129.07161 0.00619877 6
  144.05764 0.00517418 5
  145.06329 0.00701844 7
  153.07145 0.00625 6
  155.04961 0.00887551 9
  156.05793 0.00526383 5
  157.06468 0.053458 53
  158.06926 0.0117956 12
  159.04288 0.00968238 10
  160.05067 0.0172515 17
  161.05775 0.00612193 6
  167.03399 0.0331071 33
  167.04898 0.00992572 10
  167.08427 0.0117956 12
  169.06460 0.0116547 12
  170.03447 0.00965676 10
  171.04396 0.0266265 27
  173.05912 0.0290215 29
  175.07435 0.0140881 14
  176.04814 0.00571209 6
  177.05442 0.00942623 9
  181.06413 0.0138192 14
  183.04451 0.00525102 5
  183.07989 0.0117572 12
  183.08847 0.00604508 6
  184.05149 0.014498 14
  184.05521 0.014498 14
  185.05909 0.0485912 49
  185.09718 0.0141137 14
  186.06093 0.00548156 5
  187.03856 0.0102203 10
  187.04481 0.00901639 9
  187.07566 0.0188653 19
  188.04762 0.0210938 21
  189.05393 0.00536629 5
  190.06217 0.0199411 20
  190.07065 0.0057377 6
  191.06754 0.00614754 6
  193.05346 0.00619877 6
  194.07224 0.00637807 6
  195.07963 0.0230149 23
  196.04996 0.00689037 7
  197.05991 0.0152152 15
  198.06694 0.028189 28
  199.03971 0.0483735 48
  199.07514 0.0283043 28
  200.04484 0.0123207 12
  200.08191 0.00682633 7
  201.05384 0.0266137 27
  201.06215 0.00715932 7
  203.07011 0.0728868 73
  204.03980 0.0219647 22
  204.06864 0.00945184 9
  204.07532 0.013896 14
  205.04952 0.0205174 20
  205.08600 0.0477715 48
  206.05616 0.0136527 14
  206.08793 0.0110528 11
  207.06233 0.00600666 6
  207.06817 0.00600666 6
  209.05942 0.0163166 16
  209.09712 0.0182249 18
  210.06811 0.0122439 12
  211.03413 0.0057377 6
  211.04049 0.00580174 6
  211.07419 0.0256019 26
  212.04765 0.00867059 9
  212.08209 0.0217341 22
  213.05556 0.0668033 67
  213.09075 0.0751793 75
  214.05884 0.00905482 9
  215.03292 0.00864498 9
  215.07096 0.0144467 14
  216.04161 0.0355533 36
  216.07731 0.00508453 5
  217.04811 0.00698002 7
  217.08470 0.0194544 19
  218.05623 0.0103227 10
  218.06683 0.0057249 6
  219.06596 0.157928 158
  220.06995 0.0250897 25
  221.07446 0.00598105 6
  221.08008 0.00598105 6
  223.07424 0.0251281 25
  224.08281 0.012231 12
  225.09196 0.0178151 18
  226.06335 0.033043 33
  227.03569 0.0145748 15
  227.06947 0.064626 65
  227.10584 0.0218878 22
  228.04190 0.00842725 8
  228.07646 0.012436 12
  229.04786 0.0211194 21
  229.05549 0.0109759 11
  229.08368 0.00646773 6
  230.05712 0.0216317 22
  231.06503 1 999
  231.08340 0.0253586 25
  231.50560 0.00517418 5
  231.51402 0.00609631 6
  232.06856 0.128829 129
  233.08034 0.383722 383
  234.08473 0.0449155 45
  235.07819 0.00657018 7
  235.08460 0.00657018 7
  237.05553 0.0168929 17
  237.08997 0.0250384 25
  237.10055 0.00645492 6
  239.07166 0.0209913 21
  240.04079 0.00961834 10
  240.07742 0.0325948 33
  241.04876 0.0261142 26
  241.08567 0.217405 217
  242.05713 0.0132812 13
  242.08935 0.0429944 43
  243.06443 0.0517546 52
  243.09797 0.00560963 6
  244.03586 0.0526255 53
  244.07305 0.0409452 41
  245.04097 0.0117316 12
  245.07993 0.0629867 63
  245.11638 0.00598105 6
  246.05288 0.00824795 8
  246.08264 0.00648053 6
  246.09030 0.00740266 7
  247.05084 0.0127561 13
  247.05916 0.0255763 26
  248.05963 0.00740266 7
  248.06802 0.0100154 10
  249.07697 0.00562244 6
  251.07081 0.0132684 13
  252.07896 0.00553279 6
  253.08533 0.010771 11
  254.05782 0.0104124 10
  254.09490 0.0141393 14
  255.06524 0.0208248 21
  255.10053 0.0938909 94
  256.07092 0.0220287 22
  256.10462 0.0207864 21
  257.04524 0.00557121 6
  257.08056 0.0784324 78
  258.05234 0.0484119 48
  258.08786 0.083248 83
  259.05959 0.376588 376
  259.07830 0.00534068 5
  259.09599 0.132018 132
  260.06301 0.0669314 67
  260.10207 0.0384862 38
  261.07559 0.0260374 26
  264.10592 0.00534068 5
  265.08777 0.00794057 8
  267.10225 0.00632684 6
  268.07467 0.0122439 12
  269.08044 0.090958 91
  269.11834 0.00569928 6
  269.15448 0.0059042 6
  270.08740 0.031647 32
  271.05960 0.0306224 31
  271.09466 0.0290087 29
  272.06761 0.0400487 40
  272.10313 0.0300589 30
  273.07438 0.0506276 51
  273.11260 0.0630891 63
  274.08086 0.00831199 8
  274.11511 0.0206839 21
  278.13129 0.00665984 7
  279.13761 0.00558402 6
  281.11477 0.00560963 6
  282.09175 0.00731301 7
  282.12392 0.00941342 9
  283.09595 0.047541 47
  283.16698 0.00617316 6
  284.10149 0.0133709 13
  285.07556 0.0222848 22
  285.10911 0.00904201 9
  286.08130 0.0421107 42
  287.09089 0.131109 131
  288.09774 0.0452485 45
  289.10731 0.00947746 9
  292.10893 0.00790215 8
  295.09568 0.00758197 8
  297.14709 0.0154585 15
  299.12896 0.00727459 7
  300.09791 0.015958 16
  301.10493 0.0112449 11
  301.11112 0.0112449 11
  310.11895 0.0140625 14
  311.12348 0.00518699 5
  311.16434 0.0248079 25
  313.14317 0.0131276 13
  314.15328 0.0206071 21
  315.15508 0.00771004 8
  321.14702 0.00536629 5
  324.13448 0.0163934 16
  329.17456 0.0246158 25
  330.17638 0.00622439 6
  339.15722 0.054918 55
  340.16317 0.0202613 20
  342.14706 0.015894 16
  356.15801 0.0185195 19
  357.16895 0.135579 135
  358.17232 0.043353 43
//