ACCESSION: MycoMSB-HZI-000769
RECORD_TITLE: Brefeldin A; timsTOF; MS2; CE:37.53488372093023; [M+H]+
DATE: 2026.06.26
AUTHORS: Unknown
LICENSE: CC BY
COPYRIGHT: Helmholtz Centre for Infection Research (HZI)
SP$SCIENTIFIC_NAME: Penicillium brefeldianum
PUBLICATION: doi:10.1002/hlca.19640470603
COMMENT: Converted from Bruker MetaboScape .library export
CH$NAME: Brefeldin A
CH$COMPOUND_CLASS: Polyketides
CH$FORMULA: C16H24O4
CH$EXACT_MASS: 280.1675
CH$SMILES: C[C@H]1CCC/C=C/[C@@H]2C[C@@H](C[C@H]2[C@@H](/C=C/C(=O)O1)O)O
CH$IUPAC: InChI=1S/C16H24O4/c1-11-5-3-2-4-6-12-9-13(17)10-14(12)15(18)7-8-16(19)20-11/h4,6-8,11-15,17-18H,2-3,5,9-10H2,1H3/b6-4+,8-7+/t11-,12+,13-,14+,15+/m0/s1
CH$LINK: INCHIKEY KQNZDYYTLMIZCT-KQPMLPITSA-N
AC$INSTRUMENT: timsTOF Pro, Bruker Daltonics
AC$INSTRUMENT_TYPE: timsTOF
AC$MASS_SPECTROMETRY: MS_TYPE MS2
AC$MASS_SPECTROMETRY: ION_MODE POSITIVE
AC$MASS_SPECTROMETRY: COLLISION_ENERGY 37.53488372093023
AC$MASS_SPECTROMETRY: CCS 226.87860107421875
MS$FOCUSED_ION: BASE_PEAK 281.17474
MS$FOCUSED_ION: PRECURSOR_M/Z 281.17474
MS$FOCUSED_ION: PRECURSOR_TYPE [M+H]+
MS$DATA_PROCESSING: Converted with library_to_massbank.py
PK$SPLASH: splash10-0002-0940000000-2a715eccbc39d310b95e
PK$NUM_PEAK: 155
PK$PEAK: m/z int. rel.int.
  105.07115 0.0126004 13
  107.08494 0.0128234 13
  117.06907 0.0482828 48
  118.07886 0.0156111 16
  119.05311 0.014719 15
  119.08598 0.146632 146
  121.06353 0.0253122 25
  121.10131 0.0604371 60
  122.10702 0.015388 15
  123.04393 0.0197368 20
  123.11681 0.0338983 34
  124.11856 0.0161686 16
  125.09637 0.014496 14
  127.05469 0.0166146 17
  128.06288 0.0173952 17
  129.07072 0.0543042 54
  129.63660 0.00512935 5
  131.08541 0.0846343 85
  133.06517 0.0857493 86
  133.07119 0.073149 73
  133.10061 0.171945 172
  134.06752 0.0105932 11
  134.10736 0.0156111 16
  135.11849 0.0304416 30
  137.05940 0.0380241 38
  139.03730 0.00936664 9
  141.05524 0.0401427 40
  141.06986 0.00914362 9
  143.07787 0.0130464 13
  143.08558 0.104817 105
  145.06333 0.051405 51
  145.07181 0.0120428 12
  145.10317 0.130798 131
  145.11703 0.0112623 11
  146.11366 0.0212979 21
  147.06058 0.0109277 11
  147.07964 0.0422614 42
  147.11775 0.0573149 57
  148.12096 0.0165031 16
  149.05983 0.0841882 84
  149.09649 0.0204059 20
  149.10682 0.0100357 10
  150.13620 0.0114853 11
  151.07647 0.163693 164
  152.08017 0.0136039 14
  155.08482 0.00769402 8
  157.06466 0.0605486 60
  157.10083 0.134924 135
  158.10124 0.0421499 42
  158.10603 0.0421499 42
  159.08022 0.0432649 43
  159.11723 0.216102 216
  160.12461 0.0675736 68
  161.05914 0.0609946 61
  161.09663 0.0272079 27
  161.13389 0.0340098 34
  162.09682 0.00903211 9
  163.07508 0.059322 59
  163.14920 0.302855 303
  163.28995 0.00624442 6
  164.15504 0.0320027 32
  165.09020 0.0383586 38
  167.07058 0.0236396 24
  167.08557 0.015165 15
  168.09122 0.0240856 24
  169.10009 0.0188448 19
  170.10777 0.0119313 12
  171.07902 0.0205174 20
  171.11856 0.0937779 94
  171.13755 0.0105932 11
  172.08220 0.00947814 9
  172.11914 0.0105932 11
  172.99859 0.00568689 6
  173.13063 0.0630018 63
  173.14058 0.0114853 11
  175.07447 0.0790589 79
  175.08488 0.00825156 8
  175.11397 0.0293265 29
  175.14698 0.0118198 12
  177.08826 0.0351249 35
  177.12717 0.0633363 63
  177.23574 0.00613292 6
  178.09266 0.0121543 12
  179.06763 0.0419269 42
  179.07245 0.0419269 42
  179.10736 0.0284344 28
  179.14630 0.0152765 15
  179.79592 0.00579839 6
  180.07499 0.0121543 12
  180.09178 0.0105932 11
  181.10710 0.0073595 7
  183.11165 0.0293265 29
  183.11844 0.0529661 53
  184.10440 0.00958965 10
  184.12350 0.0175067 17
  185.09449 0.0510705 51
  185.10541 0.00635593 6
  185.13304 0.248662 248
  185.14372 0.00892061 9
  189.09117 0.0412578 41
  189.09730 0.0574264 57
  189.13447 0.00914362 9
  189.16289 0.0825156 82
  190.09297 0.0208519 21
  190.09944 0.01405 14
  191.10445 0.0196253 20
  193.08516 0.0119313 12
  194.08847 0.0183988 18
  196.10291 0.00579839 6
  199.11094 0.0073595 7
  199.14805 0.639607 639
  199.15481 0.495763 495
  199.16171 0.00802855 8
  200.11448 0.021967 22
  200.15026 0.0900981 90
  201.12680 0.0277654 28
  201.13345 0.00869759 9
  201.15656 0.0646744 65
  201.16288 0.0797279 80
  203.10645 0.0780553 78
  203.11491 0.0111508 11
  203.14437 0.0365745 37
  207.10021 0.0102587 10
  208.10540 0.01405 14
  209.13368 0.058876 59
  209.14470 0.0129349 13
  210.13954 0.0220785 22
  215.14565 0.0126004 13
  217.12028 0.0171722 17
  217.13717 0.0109277 11
  217.15883 0.26182 262
  218.12482 0.0073595 7
  218.16310 0.0342328 34
  219.13767 0.036463 36
  219.15176 0.0122658 12
  220.13933 0.0127119 13
  227.02258 0.00512935 5
  227.14301 0.233831 234
  228.14796 0.0277654 28
  235.17137 0.00836307 8
  239.12908 0.00970116 10
  245.15351 1 999
  246.15613 0.260928 261
  247.16016 0.022413 22
  263.11450 0.00524086 5
  263.16244 0.302186 302
  263.18047 0.0117083 12
  264.16790 0.0173952 17
  264.17615 0.0115968 12
  264.55002 0.00512935 5
  264.81723 0.00613292 6
  265.16862 0.00657895 7
  281.17367 0.0715879 72
  282.17288 0.0167261 17
  282.18076 0.00970116 10
//