ACCESSION: MycoMSB-HZI-003221
RECORD_TITLE: Leucinostatin U; timsTOF; MS2; CE:36.27906976744186; [M+H]+
DATE: 2026.06.26
AUTHORS: Charrià-Girón E, Surup F
LICENSE: CC BY
COPYRIGHT: Helmholtz Centre for Infection Research (HZI)
PUBLICATION: doi:10.3390/antibiotics9030132
COMMENT: Converted from Bruker MetaboScape .library export
CH$NAME: Leucinostatin U
CH$FORMULA: C58H105N10O13
CH$EXACT_MASS: 1149.7863
CH$SMILES: C
CH$IUPAC: InChI=1S/C58H104N10O13/c1-20-36(7)24-25-44(72)67-26-22-23-43(67)49(76)60-42(31-37(8)30-40(71)32-39(70)21-2)47(74)62-45(46(73)35(5)6)50(77)64-58(16,17)54(81)66-56(12,13)52(79)61-41(29-34(3)4)48(75)63-57(14,15)53(80)65-55(10,11)51(78)59-38(9)33-68(18,19)27-28-69/h24-25,34-38,40-43,45-46,69,71,73H,20-23,26-33H2,1-19H3,(H7-,59,60,61,62,63,64,65,66,74,75,76,77,78,79,80,81)/p+1/b25-24+/t36-,37+,38?,40-,41-,42-,43?,45-,46+/m0/s1
CH$LINK: INCHIKEY BNFJBHCORXYILM-JJSZLYBCSA-O
SP$SCIENTIFIC_NAME: Ijuhya vitellina
AC$INSTRUMENT: timsTOF Pro, Bruker Daltonics
AC$INSTRUMENT_TYPE: TIMS-TOF
AC$MASS_SPECTROMETRY: MS_TYPE MS2
AC$MASS_SPECTROMETRY: ION_MODE POSITIVE
AC$MASS_SPECTROMETRY: COLLISION_ENERGY 36.27906976744186
AC$MASS_SPECTROMETRY: CCS 400.7521667480469
MS$FOCUSED_ION: BASE_PEAK 575.90041
MS$FOCUSED_ION: PRECURSOR_M/Z 575.90041
MS$FOCUSED_ION: PRECURSOR_TYPE [M+H]+
MS$DATA_PROCESSING: Converted with library_to_massbank.py
PK$SPLASH: splash10-053r-0764964130-0d31084a690da88a78ef
PK$NUM_PEAK: 179
PK$PEAK: m/z int. rel.int.
  111.08158 0.0221893 22
  111.08792 0.0118364 12
  123.11597 0.00965097 10
  143.11797 0.0327176 33
  168.13867 0.00668389 7
  169.12329 0.0106559 11
  171.11219 0.0252361 25
  171.14977 0.0250606 25
  172.14870 0.00677961 7
  180.13868 1 999
  180.15524 0.0178503 18
  180.52896 0.00502489 5
  181.14133 0.072805 73
  182.14466 0.00869385 9
  187.14425 0.0144366 14
  199.14461 0.0344883 34
  208.13328 0.72545 725
  208.15154 0.00899694 9
  209.13640 0.0815467 81
  210.14080 0.00977859 10
  215.13928 0.0293677 29
  225.15965 0.0240237 24
  228.17090 0.119481 119
  229.17137 0.0139421 14
  232.20203 0.0113259 11
  235.14336 0.00513655 5
  256.20019 0.00513655 5
  282.17733 0.00977859 10
  284.19584 0.114918 115
  285.20002 0.0150587 15
  300.19158 0.142308 142
  301.18794 0.0228273 23
  301.19592 0.0257306 26
  312.19595 0.00721031 7
  317.25117 0.00665199 7
  317.25754 0.00665199 7
  320.19673 0.00577463 6
  325.21192 0.0179779 18
  341.25350 0.316105 316
  342.25650 0.0674451 67
  343.22251 0.0190786 19
  343.23159 0.0164146 16
  344.22712 0.00660413 7
  369.24985 0.0598041 60
  370.25300 0.0129052 13
  375.26244 0.00749745 7
  382.26970 0.00654033 7
  385.24290 0.0183927 18
  385.28107 0.00818338 8
  392.25067 0.0178663 18
  395.26200 0.0161115 16
  403.25757 0.048542 48
  404.26063 0.0197965 20
  405.24842 0.00716246 7
  410.26375 0.065483 65
  411.26987 0.0151863 15
  413.27469 0.122942 123
  414.27739 0.0265282 27
  421.26939 0.07314 73
  422.27076 0.0152182 15
  423.25965 0.0218224 22
  426.30678 0.516829 516
  427.31159 0.110787 111
  428.27447 0.0664721 66
  428.31069 0.0155373 16
  429.27684 0.019621 20
  430.33856 0.0809246 81
  431.33959 0.0153139 15
  432.33895 0.00800791 8
  454.29798 0.00574273 6
  458.30371 0.00729007 7
  460.28364 0.0199719 20
  461.27944 0.0087098 9
  466.81071 0.00532797 5
  470.33321 0.00529607 5
  476.81881 0.00724222 7
  477.30542 0.0188393 19
  478.29117 0.0562787 56
  478.30730 0.00523226 5
  479.28989 0.0107038 11
  479.30273 0.00628509 6
  480.31606 0.00810362 8
  485.33027 0.00548749 5
  495.31565 0.0540295 54
  496.32033 0.0233218 23
  497.32984 0.00736983 7
  498.32634 0.0532319 53
  499.33086 0.0126021 13
  504.34459 0.0131923 13
  511.35924 0.171373 171
  512.36075 0.0289689 29
  512.84221 0.016941 17
  513.32719 0.109383 109
  514.32905 0.0689287 69
  514.34839 0.00636485 6
  515.32882 0.0159839 16
  515.38904 0.123532 123
  516.39589 0.027932 28
  517.39153 0.00641271 6
  518.33538 0.00524821 5
  521.84821 0.00535988 5
  522.34526 0.00760911 8
  522.85123 0.00553535 6
  523.35448 0.00815148 8
  532.33787 0.194966 195
  533.34102 0.0499458 50
  534.34603 0.0113419 11
  536.34529 0.0135114 13
  541.35881 0.0086779 9
  545.33347 0.00725817 7
  550.34762 0.0782446 78
  550.36948 0.00507274 5
  551.35071 0.0324624 32
  552.35332 0.00912455 9
  564.34336 0.00504084 5
  581.37069 0.00663604 7
  582.38801 0.00808767 8
  583.38129 0.00638081 6
  589.39579 0.0289529 29
  590.38954 0.0108952 11
  590.40344 0.00835886 8
  591.39827 0.00543964 5
  598.38050 0.00984239 10
  599.37903 0.0220616 22
  600.37649 0.00585439 6
  600.44304 0.0320795 32
  601.44438 0.00957121 10
  608.40233 0.045559 46
  609.40604 0.0214236 21
  610.40979 0.00796006 8
  617.38892 0.0838438 84
  618.39131 0.0382689 38
  622.42656 0.0132402 13
  626.41147 0.0652437 65
  626.43268 0.00535988 5
  627.41789 0.0188553 19
  628.41493 0.00516845 5
  635.40132 0.0172441 17
  636.40251 0.00588629 6
  640.43782 0.21004 210
  641.44124 0.0693594 69
  642.43794 0.0128573 13
  667.45624 0.0055513 6
  675.44604 0.00909265 9
  676.43181 0.00649247 6
  676.43681 0.00649247 6
  676.44809 0.00756126 8
  683.47012 0.00716246 7
  684.43206 0.00630105 6
  693.45282 0.0333716 33
  694.45886 0.0138623 14
  702.44384 0.0209131 21
  703.44777 0.00933193 9
  711.46651 0.0360197 36
  712.46674 0.0165103 16
  717.48277 0.00540773 5
  729.51716 0.0489089 49
  730.52620 0.0174834 17
  745.49523 0.0101774 10
  763.50842 0.0294315 29
  764.50808 0.00816743 8
  790.50519 0.00654033 7
  796.51853 0.00693913 7
  815.52406 0.00796006 8
  817.55209 0.0370087 37
  818.55837 0.0101774 10
  835.56351 0.0949464 95
  836.56667 0.0480475 48
  837.57218 0.0110388 11
  852.58120 0.00577463 6
  853.57120 0.191281 191
  853.60195 0.00805577 8
  854.57594 0.0930322 93
  855.58095 0.0264484 26
  924.63980 0.0142452 14
  932.62092 0.0118204 12
  933.62100 0.00526417 5
  942.65647 0.0369608 37
  943.65789 0.0240875 24
//