ACCESSION: MycoMSB-HZI-000416
RECORD_TITLE: Heimiomycin B; timsTOF; MS2; CE:37.06976744186046; [M+H]+
DATE: 2026.06.26
AUTHORS: Charrià-Girón E, Surup F
LICENSE: CC BY
COPYRIGHT: Helmholtz Centre for Infection Research (HZI)
SP$SCIENTIFIC_NAME: Heimiomyces sp. (MUCL 56078)
PUBLICATION: doi:10.1021/acs.jnatprod.0c00486
COMMENT: Converted from Bruker MetaboScape .library export
CH$NAME: Heimiomycin B
CH$COMPOUND_CLASS: Shikimates and Phenylpropanoids
CH$FORMULA: C28H28O8
CH$EXACT_MASS: 492.1784
CH$SMILES: CC(C)C1(CCC(C)(C2=C1C(=C(C=O)C(=C2O)O)C3=C(C=C(C(=C(C=4C=CC(=C(C4)O)O)[H])[H])OC3=O)O)[H])[H]
CH$IUPAC: InChI=1S/C28H28O8/c1-13(2)17-8-4-14(3)22-23(17)24(18(12-29)26(33)27(22)34)25-21(32)11-16(36-28(25)35)7-5-15-6-9-19(30)20(31)10-15/h5-7,9-14,17,30-34H,4,8H2,1-3H3
CH$LINK: INCHIKEY MYZAKHBZTJWBBA-WMLDXEAASA-N
AC$INSTRUMENT: timsTOF Pro, Bruker Daltonics
AC$INSTRUMENT_TYPE: timsTOF
AC$MASS_SPECTROMETRY: MS_TYPE MS2
AC$MASS_SPECTROMETRY: ION_MODE POSITIVE
AC$MASS_SPECTROMETRY: COLLISION_ENERGY 37.06976744186046
AC$MASS_SPECTROMETRY: CCS 216.607666015625
MS$FOCUSED_ION: BASE_PEAK 493.18569
MS$FOCUSED_ION: PRECURSOR_M/Z 493.18569
MS$FOCUSED_ION: PRECURSOR_TYPE [M+H]+
MS$DATA_PROCESSING: Converted with library_to_massbank.py
PK$SPLASH: splash10-0cgu-0369400000-5bc2ff3e69c4980f8570
PK$NUM_PEAK: 169
PK$PEAK: m/z int. rel.int.
  135.04453 0.116974 117
  137.02424 0.0199195 20
  145.02971 0.0544607 54
  149.06088 0.0629371 63
  151.07431 0.0243696 24
  155.04922 0.020979 21
  159.05001 0.0404747 40
  159.07960 0.0203433 20
  163.03902 0.690401 690
  163.07589 0.030303 30
  163.76177 0.00656919 7
  164.04205 0.0449248 45
  164.04814 0.0294554 29
  175.03777 0.044501 44
  177.05485 0.137317 137
  177.08986 0.0305149 30
  179.03369 0.0343293 34
  183.07849 0.0243696 24
  187.04922 0.0313626 31
  187.07395 0.0322102 32
  189.05538 0.044289 44
  191.04048 0.0347531 35
  191.07119 0.0205552 21
  191.09281 0.0254291 25
  201.05369 0.0169527 17
  203.03624 0.0603942 60
  203.06955 0.0408985 41
  205.04974 0.397754 397
  205.08605 0.0228862 23
  205.96961 0.00784064 8
  206.05268 0.126086 126
  206.05982 0.100021 100
  207.02834 0.0275482 28
  207.06210 0.0252172 25
  213.05392 0.0483153 48
  213.06077 0.0156813 16
  213.09274 0.0283958 28
  215.07019 0.0184361 18
  218.05811 0.0188599 19
  219.06638 0.0120788 12
  221.07827 0.0165289 17
  225.05688 0.0148337 15
  225.09443 0.0218267 22
  227.07246 0.0228862 23
  231.02832 0.018648 19
  231.06474 0.0527654 53
  232.03514 0.0118669 12
  233.04219 0.0656919 66
  233.07996 0.0241577 24
  243.13990 0.0167408 17
  244.14341 0.0218267 22
  245.08041 0.0137741 14
  247.06037 0.128629 129
  247.09748 0.02331 23
  248.05737 0.0207671 21
  250.05942 0.0194957 19
  253.09126 0.0105955 11
  258.08524 0.0171647 17
  259.09478 0.0250053 25
  260.09952 0.0205552 21
  261.15262 0.0508582 51
  266.09236 0.0243696 24
  267.14158 0.0260648 26
  271.13253 0.0300911 30
  275.10063 0.020979 21
  278.06367 0.0180123 18
  280.10981 0.018648 19
  287.15934 0.0165289 17
  289.14399 0.783005 782
  289.15880 0.0169527 17
  290.09320 0.0156813 16
  290.14666 0.189447 189
  291.06645 0.0146217 15
  291.14919 0.0247934 25
  291.21325 0.0067811 7
  293.07945 0.0250053 25
  295.05908 0.0260648 26
  295.10207 0.0228862 23
  295.13273 0.0868828 87
  297.11008 0.0091121 9
  299.09784 0.0220386 22
  301.14652 0.013986 14
  303.06601 0.0175885 18
  307.06307 0.0171647 17
  313.13683 0.0404747 40
  313.14513 0.0252172 25
  315.12371 0.120576 120
  316.12680 0.0784064 78
  316.84304 0.0262768 26
  317.07976 0.0254291 25
  318.08050 0.0175885 18
  319.05911 0.0394151 39
  320.05874 0.0173766 17
  321.07538 0.0152575 15
  327.09310 0.0330579 33
  331.15682 0.0152575 15
  337.07478 0.0629371 63
  337.10987 0.0203433 20
  342.12861 0.02331 23
  347.08977 0.0406866 41
  349.06594 0.0457724 46
  349.10491 0.0228862 23
  351.10395 0.0173766 17
  353.97046 0.0197076 20
  354.07347 0.0190718 19
  355.08142 0.747404 747
  356.08731 0.180123 180
  356.52662 0.00550964 6
  357.09097 0.0180123 18
  363.05410 0.013986 14
  363.08477 0.0686586 69
  363.11669 0.0125026 12
  365.07932 0.0247934 25
  366.06764 0.0205552 21
  366.10655 0.0224624 22
  367.08230 0.284594 284
  368.07859 0.0169527 17
  368.12061 0.00635728 6
  377.06608 0.0563679 56
  379.11391 0.0214028 21
  381.09861 1 999
  381.13895 0.0175885 18
  382.09994 0.208307 208
  382.68270 0.00550964 6
  386.18212 0.0205552 21
  387.12025 0.0150456 15
  391.08173 0.44946 449
  392.08380 0.23416 234
  392.12217 0.0184361 18
  393.09342 0.0347531 35
  395.11280 0.0502225 50
  396.12343 0.0760754 76
  396.15305 0.0224624 22
  400.09815 0.0190718 19
  405.09703 0.0330579 33
  406.09973 0.0178004 18
  409.09039 0.0243696 24
  409.12519 0.0207671 21
  410.13849 0.0165289 17
  413.13420 0.0260648 26
  415.12054 0.0190718 19
  417.09567 0.00974783 10
  417.15638 0.0112312 11
  419.11274 0.0682348 68
  420.11044 0.0216147 22
  423.14572 0.00974783 10
  437.18983 0.0133503 13
  438.19778 0.0114431 11
  447.18548 0.0614537 61
  449.18608 0.0292435 29
  452.14815 0.0091121 9
  457.16118 0.0171647 17
  459.17011 0.0156813 16
  465.19184 0.428057 428
  465.21657 0.0252172 25
  466.19116 0.186268 186
  466.51980 0.00699301 7
  467.20030 0.0339055 34
  468.29525 0.0108074 11
  470.77637 0.0108074 11
  475.17491 0.759483 759
  475.20570 0.0194957 19
  476.18273 0.168468 168
  476.68334 0.0105955 11
  476.99076 0.00720492 7
  477.17867 0.0167408 17
  493.18601 0.011655 12
  494.18962 0.0286078 29
  495.19244 0.0254291 25
//