ACCESSION: MycoMSB-HZI-000338
RECORD_TITLE: Sulphurenic acid; timsTOF; MS2; CE:37.6; [M+H-H2O]+
DATE: 2026.06.26
AUTHORS: Unknown
LICENSE: CC BY
COPYRIGHT: Helmholtz Centre for Infection Research (HZI)
SP$SCIENTIFIC_NAME: Antrodia cinnamomea
PUBLICATION: doi:10.1016/0031-9422(95)00767-9
COMMENT: Converted from Bruker MetaboScape .library export
CH$NAME: Sulphurenic acid
CH$COMPOUND_CLASS: Terpenoids
CH$FORMULA: C31H50O4
CH$EXACT_MASS: 486.3709
CH$SMILES: CC(C)C(=C)CCC(C1(CC(C2(C)C=3CCC4(C(C)(C)C(CCC4(C)C3CCC12C)(O)[H])[H])(O)[H])[H])(C(=O)O)[H]
CH$IUPAC: InChI=1S/C31H50O4/c1-18(2)19(3)9-10-20(27(34)35)23-17-26(33)31(8)22-11-12-24-28(4,5)25(32)14-15-29(24,6)21(22)13-16-30(23,31)7/h18,20,23-26,32-33H,3,9-17H2,1-2,4-8H3,(H,34,35)
CH$LINK: INCHIKEY XZEKQUYJGSOILA-LWURDOLFSA-N
AC$INSTRUMENT: timsTOF Pro, Bruker Daltonics
AC$INSTRUMENT_TYPE: timsTOF
AC$MASS_SPECTROMETRY: MS_TYPE MS2
AC$MASS_SPECTROMETRY: ION_MODE POSITIVE
AC$MASS_SPECTROMETRY: COLLISION_ENERGY 37.604651162790695
AC$MASS_SPECTROMETRY: CCS 225.4974365234375
MS$FOCUSED_ION: BASE_PEAK 469.36762
MS$FOCUSED_ION: PRECURSOR_M/Z 469.36762
MS$FOCUSED_ION: PRECURSOR_TYPE [M+H-H2O]+
MS$DATA_PROCESSING: Converted with library_to_massbank.py
PK$SPLASH: splash10-0udj-0983100000-8c8ea540beaa6ff69145
PK$NUM_PEAK: 535
PK$PEAK: m/z int. rel.int.
  105.06704 0.0119338 12
  109.08878 0.0159117 16
  109.10323 0.0414475 41
  109.10882 0.0145002 14
  115.05524 0.0596689 60
  117.06960 0.0279738 28
  119.08608 0.220968 221
  119.09163 0.0151418 15
  119.09917 0.00898242 9
  120.08720 0.0204029 20
  121.06453 0.0274605 27
  121.10118 0.260234 260
  121.38143 0.00782754 8
  121.61419 0.00526113 5
  122.07003 0.0184781 18
  122.10632 0.01604 16
  123.08141 0.0204029 20
  123.10397 0.00641601 6
  123.11708 0.111125 111
  123.12480 0.010009 10
  124.12485 0.00911074 9
  125.09746 0.013217 13
  125.13245 0.00872578 9
  126.06156 0.0224561 22
  128.06459 0.0110355 11
  129.06991 0.0595406 59
  131.08481 0.0243809 24
  132.08860 0.0432439 43
  132.09221 0.0432439 43
  133.06545 0.0180932 18
  133.09071 0.00680098 7
  133.10138 0.553574 553
  133.81895 0.00577441 6
  134.10425 0.147312 147
  134.11406 0.0183498 18
  135.04237 0.0298986 30
  135.05588 0.00526113 5
  135.07979 0.0515848 52
  135.11716 0.367509 367
  136.12281 0.0370846 37
  137.05743 0.0251508 25
  137.09589 0.0147568 15
  137.13376 0.0722443 72
  137.14535 0.0141152 14
  138.13450 0.0273322 27
  139.07487 0.0351598 35
  143.08600 0.0935455 93
  144.08584 0.0105223 11
  144.09335 0.0150135 15
  144.10086 0.0116771 12
  145.06387 0.0159117 16
  145.10135 0.274862 275
  145.11474 0.0159117 16
  145.65074 0.00911074 9
  146.10583 0.124086 124
  147.04313 0.0109072 11
  147.08227 0.0486334 49
  147.09056 0.0153984 15
  147.11680 0.474272 474
  147.13040 0.0129603 13
  148.12008 0.0863596 86
  149.06063 0.0111639 11
  149.09650 0.0503016 50
  149.13218 0.289619 289
  149.14276 0.013602 14
  150.13655 0.0350314 35
  151.07382 0.0254074 25
  151.10918 0.0205312 21
  151.11495 0.0193764 19
  151.14764 0.0162967 16
  153.05517 0.0459387 46
  153.09235 0.0246375 25
  153.12912 0.0112922 11
  154.09266 0.0107789 11
  155.07286 0.0237393 24
  155.07895 0.0268189 27
  155.08684 0.0473502 47
  155.10793 0.0133453 13
  156.08985 0.052868 53
  156.09450 0.052868 53
  157.10058 0.251508 251
  158.10643 0.0269473 27
  158.11264 0.0346465 35
  158.11854 0.00769922 8
  158.17952 0.00564609 6
  159.07989 0.0101373 10
  159.11605 0.34223 342
  160.08571 0.0133453 13
  160.11342 0.0179648 18
  160.12305 0.049275 49
  161.09787 0.0622353 62
  161.13299 0.448223 448
  161.14037 0.0111639 11
  161.71077 0.00718594 7
  162.09890 0.0241242 24
  162.10487 0.0127037 13
  162.13450 0.0569742 57
  162.14471 0.0103939 10
  163.11220 0.0169383 17
  163.13818 0.023226 23
  163.14899 0.140254 140
  164.15472 0.0141152 14
  165.09088 0.0948287 95
  165.13220 0.0150135 15
  166.09243 0.0130887 13
  167.07161 0.0402926 40
  167.10822 0.0646734 65
  168.64632 0.0130887 13
  169.10019 0.0473502 47
  171.11770 0.0999615 100
  172.11944 0.0197613 20
  172.12765 0.01604 16
  173.09562 0.012832 13
  173.13307 0.263698 263
  174.13773 0.0346465 35
  174.14478 0.0302836 30
  175.07696 0.0152701 15
  175.11369 0.0694213 69
  175.14837 0.158091 158
  176.07809 0.0114205 11
  176.15133 0.0266906 27
  176.16943 0.0180932 18
  177.09082 0.110484 110
  177.12623 0.0323367 32
  177.16382 0.0676248 68
  178.08055 0.00680098 7
  178.09099 0.0139869 14
  178.13274 0.0139869 14
  178.16823 0.0191197 19
  178.21208 0.00577441 6
  179.08393 0.0151418 15
  179.10304 0.0613371 61
  179.17964 0.0213012 21
  180.11112 0.0147568 15
  181.08551 0.0173232 17
  181.10336 0.0133453 13
  182.10043 0.0147568 15
  183.11718 0.072501 72
  184.01790 0.00551777 6
  184.12572 0.0470935 47
  185.09743 0.0148852 15
  185.13480 0.116643 117
  186.13526 0.0499166 50
  187.10117 0.016425 16
  187.10973 0.0110355 11
  187.14849 0.258694 258
  187.15809 0.0807135 81
  187.58933 0.00680098 7
  188.15327 0.0843064 84
  188.58903 0.00667265 7
  189.09106 0.0410625 41
  189.12852 0.0773771 77
  189.16397 0.273322 273
  190.16563 0.045682 46
  190.17985 0.0138586 14
  191.10759 0.110484 110
  191.14347 0.0400359 40
  191.17987 0.105094 105
  191.20157 0.0115488 12
  192.11210 0.0470935 47
  192.18481 0.0123187 12
  193.12225 0.0962402 96
  194.09131 0.00782754 8
  195.02734 0.00731426 7
  195.11954 0.0266906 27
  195.14095 0.0109072 11
  196.11892 0.0195047 19
  196.13645 0.0157834 16
  197.09935 0.0146285 15
  197.13417 0.156679 157
  198.10203 0.0161684 16
  198.14023 0.0703195 70
  199.01676 0.00590273 6
  199.11166 0.0256641 26
  199.14855 0.205312 205
  200.11405 0.0216861 22
  200.12166 0.0130887 13
  200.15262 0.0657 66
  201.12533 0.0319518 32
  201.16466 0.356474 356
  201.18301 0.00500449 5
  202.16518 0.0781471 78
  203.10563 0.0310535 31
  203.14309 0.052868 53
  203.17969 1 999
  204.18299 0.226742 227
  204.96352 0.00500449 5
  205.12545 0.0166816 17
  205.16288 0.0236109 24
  205.19664 0.0459387 46
  206.12744 0.0461953 46
  206.13418 0.0124471 12
  206.15889 0.016425 16
  207.10185 0.0334916 33
  207.11817 0.0254074 25
  207.13479 0.013602 14
  208.17729 0.0250225 25
  209.11707 0.078917 79
  209.13112 0.0835365 83
  210.12167 0.0145002 14
  210.15795 0.012832 13
  210.46193 0.00615937 6
  211.14845 0.175799 176
  212.15159 0.0342615 34
  213.16434 0.154369 154
  214.13066 0.0234826 23
  214.16796 0.0130887 13
  215.10067 0.0129603 13
  215.11443 0.0124471 12
  215.13568 0.0345182 34
  215.14408 0.0794303 79
  215.18026 0.156166 156
  215.19015 0.0174516 17
  215.32096 0.0075709 8
  216.18027 0.0204029 20
  216.18717 0.00911074 9
  216.42873 0.00667265 7
  217.12426 0.01604 16
  217.15865 0.0486334 49
  217.19414 0.118183 118
  217.19939 0.118183 118
  218.20200 0.0143719 14
  218.21355 0.0182215 18
  219.10176 0.00628769 6
  219.13681 0.112922 113
  219.17586 0.0107789 11
  219.21291 0.0413191 41
  219.34958 0.00975234 10
  221.13241 0.0180932 18
  221.15483 0.0191197 19
  223.11168 0.0116771 12
  223.15093 0.0614654 61
  224.15029 0.0123187 12
  225.16290 0.190812 191
  226.16920 0.0372129 37
  227.14262 0.0216861 22
  227.15796 0.0088541 9
  227.18113 0.100731 101
  228.18230 0.0233543 23
  228.96272 0.00744258 7
  229.15702 0.119723 120
  229.19562 0.0250225 25
  230.19935 0.0383678 38
  231.13731 0.0852047 85
  231.17876 0.00628769 6
  231.21111 0.0279738 28
  232.17875 0.0274605 27
  232.20974 0.013217 13
  233.13074 0.0114205 11
  233.15236 0.0345182 34
  234.15168 0.0148852 15
  235.13409 0.00975234 10
  235.14848 0.0156551 16
  237.05207 0.00526113 5
  237.12433 0.0109072 11
  237.16154 0.0437572 44
  237.45203 0.00551777 6
  238.15156 0.00962402 10
  238.17087 0.0106506 11
  239.14078 0.0322084 32
  239.17876 0.105736 106
  239.18772 0.0618504 62
  240.18263 0.0218144 22
  241.11870 0.0282305 28
  241.19640 0.0843064 84
  242.19837 0.0369562 37
  243.13420 0.0578724 58
  243.13964 0.0578724 58
  243.14782 0.00603105 6
  243.17651 0.0701912 70
  243.21169 0.0437572 44
  244.14156 0.0286154 29
  244.17822 0.0105223 11
  245.15243 0.0487617 49
  246.15476 0.0130887 13
  247.12757 0.0133453 13
  247.14725 0.0125754 13
  247.16492 0.0503016 50
  247.17364 0.0431156 43
  248.17130 0.013217 13
  249.14808 0.0123187 12
  249.16290 0.00923906 9
  249.18512 0.00628769 6
  251.14531 0.0270756 27
  251.16218 0.0563326 56
  251.17316 0.0320801 32
  251.18178 0.0275889 28
  252.16938 0.0513281 51
  252.18482 0.0351598 35
  253.15654 0.0121904 12
  253.19636 0.124984 125
  254.19983 0.0459387 46
  254.51477 0.00680098 7
  255.13903 0.00551777 6
  255.17651 0.0268189 27
  255.21132 0.0750674 75
  256.20953 0.0283588 28
  256.21793 0.0127037 13
  256.22956 0.0130887 13
  257.15427 0.0610805 61
  257.18907 0.0254074 25
  257.23210 0.00590273 6
  258.01544 0.00551777 6
  258.15820 0.0349031 35
  258.19135 0.013217 13
  259.16770 0.0686514 69
  259.20275 0.0106506 11
  259.24305 0.00936738 9
  260.15457 0.0150135 15
  260.24641 0.0103939 10
  261.18345 0.0156551 16
  262.18549 0.0247658 25
  263.16408 0.0151418 15
  263.17676 0.0152701 15
  263.19960 0.0141152 14
  265.18404 0.0239959 24
  265.19920 0.0236109 24
  265.20532 0.0236109 24
  266.18477 0.0129603 13
  267.17590 0.0146285 15
  267.21169 0.019633 20
  268.21497 0.013602 14
  269.15084 0.0237393 24
  269.18921 0.0369562 37
  269.23040 0.0320801 32
  269.23810 0.0107789 11
  270.16105 0.0146285 15
  271.16429 0.0207879 21
  271.21549 0.0121904 12
  271.24383 0.0133453 13
  272.17206 0.0241242 24
  272.20819 0.020018 20
  272.24432 0.0102656 10
  273.14582 0.0110355 11
  273.15616 0.0119338 12
  273.18718 0.0319518 32
  273.20787 0.013217 13
  273.21821 0.0094957 9
  275.17899 0.0152701 15
  275.20141 0.0247658 25
  277.17857 0.0331066 33
  279.21031 0.0542795 54
  280.18101 0.0106506 11
  280.21609 0.0251508 25
  281.22242 0.0998332 100
  281.22835 0.0998332 100
  283.02908 0.00898242 9
  283.17023 0.0345182 34
  283.20279 0.0133453 13
  283.23964 0.013602 14
  283.24754 0.00603105 6
  284.17324 0.0225844 23
  284.25017 0.0320801 32
  285.18845 0.0393943 39
  285.25185 0.0221994 22
  285.25978 0.0120621 12
  287.15984 0.00923906 9
  287.19695 0.0223277 22
  287.21286 0.00769922 8
  288.20725 0.0234826 23
  288.76311 0.00513281 5
  289.21516 0.0137303 14
  291.18438 0.0156551 16
  291.19239 0.00641601 6
  293.22636 0.111895 112
  294.19770 0.0171949 17
  294.23321 0.0964969 96
  295.20737 0.0142436 14
  295.23998 0.979469 978
  295.26089 0.0355447 36
  296.24409 0.348646 348
  296.26185 0.0406775 41
  296.99734 0.00551777 6
  297.18416 0.0695496 69
  297.22112 0.00744258 7
  297.25794 0.0925189 92
  297.26651 0.0868728 87
  298.19275 0.00923906 9
  298.22246 0.0116771 12
  299.20015 0.0614654 61
  301.22063 0.0314385 31
  303.19177 0.0134736 13
  303.23535 0.0125754 13
  305.22160 0.016425 16
  305.24893 0.0139869 14
  307.24222 0.0637752 64
  308.24609 0.0133453 13
  309.22455 0.00731426 7
  309.25583 0.072116 72
  311.20202 0.0483767 48
  311.20874 0.0418324 42
  311.21586 0.0415758 42
  311.23881 0.0630053 63
  311.25236 0.0145002 14
  312.24122 0.0728859 73
  313.21619 0.0984217 98
  313.24580 0.109714 110
  313.25363 0.0766072 77
  313.27019 0.00769922 8
  314.14846 0.00577441 6
  314.22332 0.00846914 8
  314.25822 0.0540228 54
  315.22612 0.0237393 24
  315.23412 0.0283588 28
  319.24260 0.0120621 12
  320.25235 0.0107789 11
  321.25497 0.0302836 30
  322.22890 0.0150135 15
  322.26068 0.0313102 31
  323.22994 0.0202746 20
  323.27429 0.0184781 18
  324.20307 0.0145002 14
  324.23687 0.0143719 14
  324.27630 0.010009 10
  325.26012 0.0115488 12
  325.29116 0.00898242 9
  326.29347 0.0105223 11
  327.22940 0.0152701 15
  327.27185 0.0162967 16
  329.24831 0.0518414 52
  329.28693 0.00782754 8
  330.25739 0.0179648 18
  332.22279 0.0138586 14
  333.24143 0.00615937 6
  333.25856 0.0088541 9
  334.26529 0.00744258 7
  335.23468 0.0133453 13
  335.27192 0.0189914 19
  337.21378 0.0147568 15
  337.25306 0.0479918 48
  337.28559 0.0111639 11
  337.37178 0.00513281 5
  338.22564 0.00731426 7
  338.25441 0.00769922 8
  339.22462 0.013602 14
  339.23615 0.0233543 23
  339.24479 0.0103939 10
  339.27072 0.0186064 19
  340.23790 0.0239959 24
  340.26836 0.0159117 16
  341.24557 0.0746824 75
  341.32236 0.00680098 7
  342.25934 0.013602 14
  343.22368 0.013217 13
  343.26462 0.042859 43
  344.27354 0.0088541 9
  345.24071 0.0124471 12
  345.25234 0.0109072 11
  349.24876 0.0304119 30
  349.28374 0.019633 20
  349.29251 0.00808418 8
  350.21694 0.0145002 14
  350.25281 0.0248941 25
  351.29883 0.0221994 22
  352.24146 0.0155268 16
  352.61852 0.00538945 5
  353.24421 0.082125 82
  353.27974 0.00782754 8
  354.25358 0.00769922 8
  355.26151 0.159374 159
  356.26139 0.012832 13
  357.23957 0.0547928 55
  358.24526 0.0120621 12
  359.25992 0.0230977 23
  360.25896 0.0251508 25
  361.28742 0.016425 16
  362.29503 0.0109072 11
  363.26905 0.0270756 27
  363.30430 0.0465803 47
  364.26874 0.00936738 9
  364.30755 0.0151418 15
  367.26468 0.141922 142
  367.27832 0.0119338 12
  368.26061 0.046067 46
  368.28327 0.00923906 9
  369.27985 0.0245092 24
  369.86997 0.0110355 11
  371.25451 0.0472219 47
  371.28524 0.0094957 9
  372.26270 0.0159117 16
  372.60659 0.0069293 7
  373.27117 0.0363146 36
  373.28492 0.0148852 15
  373.30441 0.0107789 11
  374.29638 0.0109072 11
  377.28322 0.0124471 12
  377.32575 0.012832 13
  379.26682 0.0173232 17
  379.30033 0.0124471 12
  380.27130 0.0151418 15
  381.28004 0.118183 118
  382.27145 0.0187348 19
  382.28415 0.0175799 18
  383.33231 0.0102656 10
  385.27420 0.101373 101
  386.27204 0.0138586 14
  391.33025 0.0259207 26
  393.28115 0.0178365 18
  394.28166 0.0121904 12
  395.29511 0.0427307 43
  396.29863 0.0482484 48
  396.37168 0.0123187 12
  397.30962 0.0115488 12
  398.28302 0.00859746 9
  399.28750 0.039266 39
  401.29494 0.0082125 8
  403.30920 0.0151418 15
  405.35243 0.0595406 59
  406.35037 0.0604389 60
  407.33389 0.0142436 14
  407.37126 0.0274605 27
  408.30589 0.0506865 51
  409.31117 0.114462 114
  410.30691 0.0107789 11
  411.32781 0.0114205 11
  413.31142 0.0180932 18
  415.33514 0.0379828 38
  423.36157 0.0503016 50
  424.36687 0.0102656 10
  425.38574 0.00680098 7
  427.33015 0.0125754 13
  428.33251 0.0206596 21
  433.34520 0.062107 62
  434.34721 0.0366996 37
  434.35812 0.0252791 25
  436.33740 0.00808418 8
  437.34436 0.0142436 14
  450.34468 0.013602 14
  451.35808 0.499166 499
  451.37793 0.0275889 28
  452.36067 0.138073 138
  453.36587 0.0162967 16
  469.36571 0.101116 101
  469.38675 0.00705762 7
  470.37577 0.0994482 99
//