ACCESSION: MycoMSB-HZI-000138
RECORD_TITLE: (3aS)-6-hydroxy-3a,5,5,8-tetramethyl-3,3a,4,5-tetrahydro-1Hcyclopenta[de]isochromen1-one; timsTOF; MS2; CE:35.112; [M+H]+
DATE: 2026.06.26
AUTHORS: Unknown
LICENSE: CC BY
COPYRIGHT: Helmholtz Centre for Infection Research (HZI)
SP$SCIENTIFIC_NAME: Hypoxylon rickii
PUBLICATION: doi:10.1016/j.phytochem.2015.06.002
COMMENT: Converted from Bruker MetaboScape .library export
CH$NAME: (3aS)-6-hydroxy-3a,5,5,8-tetramethyl-3,3a,4,5-tetrahydro-1Hcyclopenta[de]isochromen1-one
CH$COMPOUND_CLASS: Terpenoids
CH$FORMULA: C15H18O3
CH$EXACT_MASS: 246.1256
CH$SMILES: C1(=C(C=C2C3=C1C(OCC3(CC2(C)C)C)=O)O)C
CH$IUPAC: InChI=1S/C15H18O3/c1-8-10(16)5-9-12-11(8)13(17)18-7-15(12,4)6-14(9,2)3/h5,16H,6-7H2,1-4H3/t15-/m1/s1
CH$LINK: INCHIKEY OGKCRIOQDYPIOZ-OAHLLOKOSA-N
AC$INSTRUMENT: timsTOF Pro, Bruker Daltonics
AC$INSTRUMENT_TYPE: timsTOF
AC$MASS_SPECTROMETRY: MS_TYPE MS2
AC$MASS_SPECTROMETRY: ION_MODE POSITIVE
AC$MASS_SPECTROMETRY: COLLISION_ENERGY 35.112
AC$MASS_SPECTROMETRY: CCS 157.17599487304688
MS$FOCUSED_ION: BASE_PEAK 247.13287
MS$FOCUSED_ION: PRECURSOR_M/Z 247.13287
MS$FOCUSED_ION: PRECURSOR_TYPE [M+H]+
MS$DATA_PROCESSING: Converted with library_to_massbank.py
PK$SPLASH: splash10-03kj-0910000000-dbbd77ce0a10eb0e8416
PK$NUM_PEAK: 131
PK$PEAK: m/z int. rel.int.
  57.06898 0.0566049 57
  69.03429 0.00651909 7
  77.03900 0.00870512 9
  79.05241 0.00708064 7
  91.05455 0.0521091 52
  93.07049 0.00867543 9
  95.08587 0.0107579 11
  103.05696 0.023304 23
  105.07101 0.108288 108
  106.07246 0.00943598 9
  107.04918 0.0169302 17
  115.05476 0.0228243 23
  116.06292 0.0141027 14
  117.06934 0.0385457 39
  118.07579 0.0054004 5
  119.04896 0.0101173 10
  119.08599 0.0780662 78
  120.08722 0.00948067 9
  121.06494 0.164322 164
  122.06818 0.0130388 13
  127.05749 0.021429 21
  128.06516 0.118752 119
  129.06911 0.0666438 67
  130.07523 0.0154031 15
  131.04909 0.0281905 28
  131.08553 0.0668629 67
  132.05981 0.0569445 57
  132.08968 0.0134189 13
  133.06612 0.053481 53
  133.10120 0.147809 148
  134.10346 0.0110685 11
  135.08109 0.0351195 35
  141.07023 0.0652594 65
  142.07816 0.0641669 64
  143.08348 0.153069 153
  144.05650 0.0492356 49
  144.09203 0.0493501 49
  145.06411 0.105914 106
  145.10153 0.0724464 72
  146.07087 0.304872 305
  146.10591 0.0110735 11
  147.04451 0.00586307 6
  147.08019 0.276561 276
  147.11537 0.0119471 12
  148.08321 0.0292392 29
  154.07721 0.00513665 5
  155.05869 0.0191092 19
  155.08565 0.0820801 82
  156.09248 0.0486197 49
  157.06843 0.0491234 49
  157.10060 0.0435076 43
  158.07680 0.10248 102
  158.10931 0.0554129 55
  159.08022 0.46022 460
  159.09674 0.00580557 6
  159.11638 0.0269394 27
  160.08909 0.150816 151
  160.12201 0.00905151 9
  161.06260 0.0161578 16
  161.09396 1 999
  162.09894 0.116839 117
  162.14190 0.00575283 6
  163.04025 0.0166633 17
  163.07539 0.0109181 11
  164.04214 0.00806364 8
  165.05314 0.051408 51
  167.08367 0.0110156 11
  168.09324 0.014491 14
  169.08307 0.00799019 8
  169.10077 0.0293943 29
  170.07536 0.00616911 6
  170.10907 0.0591981 59
  171.07998 0.0982026 98
  171.09230 0.0205493 21
  171.11153 0.0117024 12
  172.08767 0.386469 386
  173.05606 0.0342357 34
  173.10035 0.450252 450
  173.13305 0.0294224 29
  174.06609 0.0173423 17
  174.10319 0.18693 187
  174.13566 0.00534938 5
  175.07378 0.0201044 20
  175.11128 0.0687967 69
  176.11727 0.0121209 12
  177.05525 0.0646341 65
  178.05815 0.00507286 5
  181.06617 0.0189802 19
  182.06531 0.00573541 6
  183.08405 0.0093358 9
  183.11461 0.0235505 24
  185.06270 0.0331643 33
  185.09522 0.0213287 21
  185.13450 0.03081 31
  186.06750 0.0093234 9
  186.10373 0.255278 255
  187.08064 0.300639 300
  187.11460 0.449342 449
  188.07874 0.0624288 62
  188.11367 0.107439 107
  189.09114 0.0173477 17
  189.11867 0.0228012 23
  191.07166 0.0600607 60
  193.10059 0.00937568 9
  196.08677 0.031001 31
  197.09680 0.00751739 8
  199.07530 0.0454939 45
  199.11039 0.0159215 16
  200.08254 0.0340553 34
  201.09171 0.0271774 27
  201.12833 0.26526 265
  202.13387 0.0623776 62
  203.07033 0.0175084 17
  203.10677 0.0103709 10
  203.13923 0.0527396 53
  204.07664 0.021579 22
  205.08620 0.101691 102
  206.09025 0.0193678 19
  211.11106 0.0344806 34
  212.11686 0.0112012 11
  214.09901 0.0770219 77
  215.10077 0.0111548 11
  217.08779 0.0295719 30
  218.09324 0.0359598 36
  219.09753 0.00828824 8
  229.12270 0.475597 475
  229.14258 0.00568479 6
  230.12988 0.105216 105
  232.10701 0.0123866 12
  247.13575 0.038731 39
  248.13625 0.00739234 7
//