ACCESSION: MycoMSB-HZI-003085
RECORD_TITLE: Alternariol monomethyl ether; timsTOF; MS2; CE:32.53488372093023; [M+H]+
DATE: 2026.06.26
AUTHORS: Charrià-Girón E, Surup F
LICENSE: CC BY
COPYRIGHT: Helmholtz Centre for Infection Research (HZI)
PUBLICATION: doi:10.1038/s41598-026-51757-8
COMMENT: Converted from Bruker MetaboScape .library export
CH$NAME: Alternariol monomethyl ether
CH$COMPOUND_CLASS: Shikimates and Phenylpropanoids
CH$FORMULA: C15H12O5
CH$EXACT_MASS: 272.0685
CH$SMILES: CC1=CC(=CC2=C1C=3C=C(C=C(C3C(=O)O2)O)OC)O
CH$IUPAC: InChI=1S/C15H12O5/c1-7-3-8(16)4-12-13(7)10-5-9(19-2)6-11(17)14(10)15(18)20-12/h3-6,16-17H,1-2H3
CH$LINK: INCHIKEY LCSDQFNUYFTXMT-UHFFFAOYSA-N
SP$SCIENTIFIC_NAME: Alternaria alternata
AC$INSTRUMENT: timsTOF Pro, Bruker Daltonics
AC$INSTRUMENT_TYPE: TIMS-TOF
AC$MASS_SPECTROMETRY: MS_TYPE MS2
AC$MASS_SPECTROMETRY: ION_MODE POSITIVE
AC$MASS_SPECTROMETRY: COLLISION_ENERGY 32.53488372093023
AC$MASS_SPECTROMETRY: CCS 158.74349975585938
MS$FOCUSED_ION: BASE_PEAK 273.07575
MS$FOCUSED_ION: PRECURSOR_M/Z 273.07575
MS$FOCUSED_ION: PRECURSOR_TYPE [M+H]+
MS$DATA_PROCESSING: Converted with library_to_massbank.py
PK$SPLASH: splash10-00di-0390000000-78c29c2028201049d7d0
PK$NUM_PEAK: 84
PK$PEAK: m/z int. rel.int.
  115.05513 0.0112578 11
  127.05532 0.00528926 5
  128.06233 0.0373348 37
  129.06973 0.016923 17
  131.05045 0.00703036 7
  139.05520 0.0150632 15
  141.06425 0.00915398 9
  141.07056 0.0152544 15
  153.07034 0.0100707 10
  155.04998 0.0060477 6
  155.08534 0.00507162 5
  156.05673 0.0153402 15
  157.06429 0.0234785 23
  158.06588 0.00567178 6
  158.07292 0.0125373 13
  160.05078 0.00972775 10
  161.06057 0.015327 15
  165.07007 0.0137837 14
  167.04904 0.00793389 8
  168.05741 0.020946 21
  169.06483 0.0430791 43
  170.06927 0.00674018 7
  170.07442 0.00674018 7
  171.04538 0.0129593 13
  171.08042 0.0207284 21
  173.05943 0.00586963 6
  174.06684 0.0165735 17
  175.07564 0.0383109 38
  176.07789 0.00532224 5
  181.06475 0.0137837 14
  182.06966 0.00571135 6
  183.07968 0.00632469 6
  184.05140 0.0671116 67
  185.05893 0.0468713 47
  186.06725 0.0212823 21
  187.03912 0.026321 26
  187.07269 0.00696441 7
  189.09054 0.00534202 5
  190.06413 0.00515076 5
  195.04381 0.0101564 10
  196.05253 0.00688527 7
  197.06000 0.0488366 49
  198.06726 0.0189741 19
  199.03880 0.0213615 21
  199.07553 0.11271 113
  200.04868 0.00593558 6
  200.07911 0.0146543 15
  201.05468 0.0156172 16
  202.06190 0.0138827 14
  203.07082 0.0258593 26
  204.07310 0.00689846 7
  205.08601 0.00929907 9
  211.03749 0.00795368 8
  212.04707 0.0614464 61
  213.05438 0.0673424 67
  213.06477 0.00563221 6
  214.06239 0.0595932 60
  215.03359 0.014463 14
  215.06569 0.0100377 10
  216.04190 0.0113963 11
  217.04930 0.007525 8
  217.08793 0.0119371 12
  225.05422 0.0360422 36
  226.06079 0.00848788 8
  227.07001 0.146398 146
  228.04129 0.0225024 22
  228.07336 0.0185058 18
  229.04955 0.049628 50
  230.05740 0.190057 190
  231.06478 0.0438178 44
  240.04243 0.0653112 65
  241.04896 0.103728 104
  242.05252 0.0124449 12
  243.02800 0.00654233 7
  245.08017 0.0165273 17
  255.06549 0.0866331 87
  256.07034 0.0160656 16
  258.05197 0.203425 203
  259.05525 0.0277455 28
  273.07581 1 999
  273.09594 0.036207 36
  273.55447 0.00581687 6
  273.56369 0.00739309 7
  274.07915 0.144723 145
//