ACCESSION: MycoMSB-HZI-002197
RECORD_TITLE: Strobilurin B; timsTOF; MS2; CE:32.06976744186046; [M+H]+
DATE: 2026.06.26
AUTHORS: Charrià-Girón E, Surup F
LICENSE: CC BY
COPYRIGHT: Helmholtz Centre for Infection Research (HZI)
PUBLICATION: doi:10.7164/antibiotics.30.806
SP$SCIENTIFIC_NAME: Strobilurus tenacellus No. 21602
COMMENT: Converted from Bruker MetaboScape .library export
CH$NAME: Strobilurin B
CH$FORMULA: C17H19ClO4
CH$EXACT_MASS: 322.0972
CH$SMILES: C/C(=C/C=C/C1=CC(=C(C=C1)Cl)OC)/C(=C\OC)/C(=O)OC
CH$IUPAC: InChI=1S/C17H19ClO4/c1-12(14(11-20-2)17(19)22-4)6-5-7-13-8-9-15(18)16(10-13)21-3/h5-11H,1-4H3/b7-5+,12-6-,14-11+
CH$LINK: INCHIKEY ZDIQYKMDNQULMX-PJUQCDRASA-N
AC$INSTRUMENT: timsTOF Pro, Bruker Daltonics
AC$INSTRUMENT_TYPE: TIMS-TOF
AC$MASS_SPECTROMETRY: MS_TYPE MS2
AC$MASS_SPECTROMETRY: ION_MODE POSITIVE
AC$MASS_SPECTROMETRY: COLLISION_ENERGY 32.06976744186046
AC$MASS_SPECTROMETRY: CCS 147.79139709472656
MS$FOCUSED_ION: BASE_PEAK 291.07719
MS$FOCUSED_ION: PRECURSOR_M/Z 291.07719
MS$FOCUSED_ION: PRECURSOR_TYPE [M+H]+
MS$DATA_PROCESSING: Converted with library_to_massbank.py
PK$SPLASH: splash10-000t-0960000000-fbec29ed72924c193fa5
PK$NUM_PEAK: 81
PK$PEAK: m/z int. rel.int.
  128.06200 0.00735192 7
  129.06763 0.00617284 6
  130.07719 0.00645027 6
  139.05788 0.00790678 8
  151.05551 0.0101262 10
  152.06615 0.0672077 67
  153.07075 0.0706062 71
  154.07618 0.0173394 17
  155.03246 0.00755999 8
  155.08505 0.00721321 7
  161.01566 0.00943265 9
  165.07140 0.05292 53
  165.07816 0.00575669 6
  166.08101 0.0130393 13
  167.08651 0.02268 23
  168.09031 0.00527119 5
  172.09072 0.00686642 7
  177.00995 0.0126925 13
  179.02514 0.0110972 11
  179.03142 0.00762935 8
  179.08165 0.00922458 9
  179.99547 0.0093633 9
  181.06498 0.232071 232
  181.10102 0.0101956 10
  182.07161 0.0694965 69
  183.04069 0.00783743 8
  185.03538 0.00651963 7
  185.10135 0.0194895 19
  188.04340 0.00721321 7
  192.03256 0.00915522 9
  195.08147 0.0749757 75
  196.07016 0.00950201 9
  196.08822 1 999
  196.09878 0.0150506 15
  196.10444 0.0150506 15
  197.09451 0.205299 205
  198.10310 0.0424469 42
  198.11022 0.00582605 6
  199.03158 0.00575669 6
  199.10882 0.011444 11
  200.03994 0.0176169 18
  201.01153 0.00561798 6
  201.04734 0.0151893 15
  205.03866 0.0172007 17
  206.04584 0.00582605 6
  207.02289 0.0307948 31
  207.05904 0.023651 24
  207.06872 0.0062422 6
  210.06868 0.0093633 9
  212.08444 0.00866972 9
  212.11861 0.00873908 9
  213.09192 0.045568 46
  214.10525 0.00728256 7
  215.02863 0.0158136 16
  216.03589 0.0827438 83
  217.04146 0.0645027 64
  218.04525 0.031211 31
  224.08207 0.0468165 47
  225.08460 0.00554862 6
  225.09398 0.00568734 6
  228.07721 0.00839229 8
  229.04205 0.00665834 7
  230.04689 0.00506312 5
  231.05732 0.58212 582
  231.07310 0.00714385 7
  232.06272 0.146622 146
  233.07264 0.0257317 26
  241.08940 0.0271189 27
  244.02802 0.0185185 18
  248.06144 0.00707449 7
  249.06326 0.00977944 10
  256.10924 0.0121376 12
  259.05176 0.0916216 92
  261.03266 0.0185879 19
  262.03539 0.0126231 13
  263.04404 0.0157442 16
  263.08337 0.0233736 23
  272.06184 0.00596477 6
  276.05682 0.00887779 9
  291.07647 0.0268414 27
  291.08377 0.0219864 22
//