ACCESSION: MycoMSB-HZI-003125
RECORD_TITLE: Aethiopinolone C; timsTOF; MS2; CE:32.418604651162795; [M+H]+
DATE: 2026.06.26
AUTHORS: Charrià-Girón E, Surup F
LICENSE: CC BY
COPYRIGHT: Helmholtz Centre for Infection Research (HZI)
PUBLICATION: doi:10.3390/molecules23020369
COMMENT: Converted from Bruker MetaboScape .library export
CH$NAME: Aethiopinolone C
CH$FORMULA: C21H28O4
CH$EXACT_MASS: 344.1988
CH$SMILES: C
CH$IUPAC: InChI=1S/C21H28O4/c1-12(22)14-4-5-15-16-11-18(24)17-10-13(23)6-7-20(17,3)21(16,25)9-8-19(14,15)2/h4,11,13,15,17,23,25H,5-10H2,1-3H3/t13-,15-,17+,19+,20-,21+/m0/s1
CH$LINK: INCHIKEY FCLBDRRJZHHDQW-IHTHKWLKSA-N
SP$SCIENTIFIC_NAME: Fomitiporia aethiopica
AC$INSTRUMENT: timsTOF Pro, Bruker Daltonics
AC$INSTRUMENT_TYPE: TIMS-TOF
AC$MASS_SPECTROMETRY: MS_TYPE MS2
AC$MASS_SPECTROMETRY: ION_MODE POSITIVE
AC$MASS_SPECTROMETRY: COLLISION_ENERGY 32.418604651162795
AC$MASS_SPECTROMETRY: CCS 151.822021484375
MS$FOCUSED_ION: BASE_PEAK 291.17434
MS$FOCUSED_ION: PRECURSOR_M/Z 291.17434
MS$FOCUSED_ION: PRECURSOR_TYPE [M+H]+
MS$DATA_PROCESSING: Converted with library_to_massbank.py
PK$SPLASH: splash10-03dl-0090000000-cf59bcb4c5e1a3595230
PK$NUM_PEAK: 75
PK$PEAK: m/z int. rel.int.
  145.09868 0.125668 126
  155.08724 0.106952 107
  156.86499 0.00802139 8
  165.06847 0.0980392 98
  167.08829 0.0632799 63
  169.09803 0.124777 125
  171.73008 0.00802139 8
  178.07442 0.0980392 98
  190.07614 0.120321 120
  195.07947 0.0748663 75
  197.09461 0.0677362 68
  203.08624 0.0864528 86
  205.09804 0.263815 264
  205.10341 0.263815 264
  206.10672 0.0516934 52
  207.08023 0.0418895 42
  207.11202 0.368984 369
  208.12373 0.0721925 72
  210.10068 0.0490196 49
  215.08623 0.0668449 67
  216.08990 0.0606061 61
  216.11519 0.112299 112
  218.10712 0.137255 137
  219.11683 0.243316 243
  220.08616 0.0953654 95
  220.12561 0.0811052 81
  220.54587 0.040107 40
  221.09211 0.152406 152
  221.09908 0.0757576 76
  221.15491 0.0418895 42
  222.10268 0.073975 74
  229.09678 0.0196078 20
  231.11602 0.0481283 48
  232.08840 0.206774 207
  233.09751 0.181818 182
  233.13028 0.280749 280
  233.13935 0.0285205 28
  234.09864 0.0641711 64
  234.10892 0.177362 177
  234.13159 0.0819964 82
  234.14116 0.0374332 37
  236.11516 0.188057 188
  236.12238 0.0882353 88
  243.11748 0.110517 110
  244.12093 0.0775401 77
  247.11444 0.235294 235
  247.14859 0.0811052 81
  248.11349 0.286988 287
  248.12088 0.0891266 89
  249.12615 0.353832 353
  249.16422 0.0490196 49
  258.13854 0.188948 189
  259.14566 0.245098 245
  261.12558 0.614973 614
  262.13021 0.344029 344
  262.16138 0.0819964 82
  263.14024 0.37344 373
  263.14642 0.37344 373
  271.14708 0.0713012 71
  271.36606 0.00802139 8
  273.16273 0.491979 491
  276.14886 0.64795 647
  276.15936 0.118538 118
  277.15048 0.0516934 52
  289.15496 0.0213904 21
  290.12397 0.0347594 35
  290.15594 0.040107 40
  291.17196 1 999
  291.19602 0.0552585 55
  292.14170 0.0668449 67
  292.17913 0.0641711 64
  292.29144 0.00802139 8
  293.06214 0.0196078 20
  1187.80586 0.00802139 8
  1203.96875 0.00802139 8
//