ACCESSION: MycoMSB-HZI-000157
RECORD_TITLE: Rickiol A; timsTOF; MS2; CE:40.656; [M+H-2H2O]+
DATE: 2026.06.26
AUTHORS: Unknown
LICENSE: CC BY
COPYRIGHT: Helmholtz Centre for Infection Research (HZI)
SP$SCIENTIFIC_NAME: Hypoxylon rickii
PUBLICATION: doi:10.1002/chem.201704928
COMMENT: Converted from Bruker MetaboScape .library export
CH$NAME: Rickiol A
CH$COMPOUND_CLASS: Polyketides
CH$FORMULA: C24H44O6
CH$EXACT_MASS: 428.3138
CH$SMILES: C1CCCCCCCCCCC(OC(C=CC(O)CC(O)C1)=O)CC(CC(C)O)O
CH$IUPAC: InChI=1S/C24H44O6/c1-19(25)16-22(28)18-23-13-11-9-7-5-3-2-4-6-8-10-12-20(26)17-21(27)14-15-24(29)30-23/h14-15,19-23,25-28H,2-13,16-18H2,1H3
CH$LINK: INCHIKEY ZPZBRVXCZBYHPI-UHFFFAOYSA-N
AC$INSTRUMENT: timsTOF Pro, Bruker Daltonics
AC$INSTRUMENT_TYPE: timsTOF
AC$MASS_SPECTROMETRY: MS_TYPE MS2
AC$MASS_SPECTROMETRY: ION_MODE POSITIVE
AC$MASS_SPECTROMETRY: COLLISION_ENERGY 40.656
AC$MASS_SPECTROMETRY: CCS 203.94520568847656
MS$FOCUSED_ION: BASE_PEAK 393.29994
MS$FOCUSED_ION: PRECURSOR_M/Z 393.29994
MS$FOCUSED_ION: PRECURSOR_TYPE [M+H-2H2O]+
MS$DATA_PROCESSING: Converted with library_to_massbank.py
PK$SPLASH: splash10-0ac1-5900000000-4d736ee2c94a97f92743
PK$NUM_PEAK: 151
PK$PEAK: m/z int. rel.int.
  55.01659 0.0201366 20
  55.05267 0.103123 103
  57.02968 0.0215954 22
  67.05370 0.263413 263
  68.05640 0.0189816 19
  69.06882 0.14185 142
  71.04744 0.025927 26
  73.02699 0.0249859 25
  77.03933 0.0175112 17
  78.04143 0.0150734 15
  79.05491 0.22727 227
  80.05747 0.0179964 18
  81.03170 0.0164868 16
  81.06903 0.587034 586
  82.07313 0.0134965 13
  83.04812 0.0173764 17
  83.08465 0.101441 101
  85.06531 0.0548233 55
  91.05616 0.172463 172
  92.05743 0.0361536 36
  93.06993 0.356302 356
  94.07463 0.0770991 77
  95.04953 0.0282874 28
  95.08542 1 999
  95.75845 0.0100009 10
  96.08881 0.0956405 96
  97.02794 0.041084 41
  97.09955 0.0454448 45
  98.06699 0.0146455 15
  98.10362 0.0308657 31
  99.04282 0.130217 130
  99.08001 0.0407046 41
  101.02319 0.0733956 73
  105.06979 0.329544 329
  107.04843 0.101642 102
  107.08631 0.291861 292
  108.04886 0.00856911 9
  108.08889 0.0621588 62
  109.02635 0.0129025 13
  109.06671 0.049882 50
  109.09923 0.705437 705
  110.10375 0.0761302 76
  111.04364 0.104447 104
  111.07970 0.0465866 47
  112.04375 0.0201428 20
  115.05437 0.016054 16
  117.06942 0.084607 85
  119.04722 0.0265535 27
  119.08438 0.385887 386
  120.05120 0.0145454 15
  121.06380 0.0509645 51
  121.10181 0.368076 368
  121.63212 0.00670061 7
  122.10563 0.0431646 43
  123.04175 0.0248895 25
  123.11692 0.328956 329
  124.12016 0.028685 29
  125.09425 0.0310461 31
  127.03881 0.0354364 35
  129.06966 0.0112247 11
  131.08678 0.127121 127
  133.06434 0.0746597 75
  133.10022 0.34512 345
  134.06699 0.0249527 25
  134.10379 0.0361136 36
  135.08095 0.0683562 68
  135.11643 0.410058 410
  136.11980 0.0592559 59
  137.09523 0.037825 38
  137.13272 0.097985 98
  138.13448 0.0125609 13
  141.07015 0.0168165 17
  144.09077 0.0119249 12
  145.10023 0.156138 156
  147.08090 0.0339397 34
  147.11668 0.244709 244
  148.08575 0.0127496 13
  149.09659 0.0236831 24
  149.13195 0.157351 157
  151.07352 0.0340043 34
  151.11133 0.0159458 16
  151.14907 0.0292672 29
  152.11553 0.0108828 11
  153.05357 0.0131043 13
  157.10013 0.00886341 9
  159.07947 0.0298382 30
  159.11886 0.10452 104
  160.11995 0.0153369 15
  161.09578 0.0975983 98
  161.13231 0.124729 125
  162.13428 0.0163129 16
  163.14869 0.0859663 86
  164.14957 0.00899951 9
  165.09077 0.0142279 14
  165.12935 0.0151666 15
  165.16247 0.00829904 8
  169.10188 0.00960351 10
  171.11828 0.0336037 34
  173.13312 0.0505193 50
  175.11336 0.0265541 27
  175.14730 0.0836912 84
  176.14963 0.0175441 18
  177.16439 0.0351523 35
  179.11124 0.0145493 15
  183.11720 0.0163102 16
  186.13807 0.0153543 15
  187.14733 0.0522395 52
  189.12688 0.0256668 26
  189.16408 0.0691772 69
  191.10961 0.0141876 14
  192.18685 0.00559379 6
  196.11911 0.0122453 12
  199.14788 0.0117461 12
  200.15215 0.0112725 11
  201.16447 0.0192792 19
  202.16954 0.0160816 16
  203.10675 0.00682602 7
  203.14422 0.0232297 23
  203.18036 0.031497 31
  205.15727 0.0112392 11
  211.14792 0.0127082 13
  213.16313 0.00526575 5
  215.14242 0.0258259 26
  215.17992 0.019101 19
  217.15958 0.0363599 36
  217.19658 0.00945346 9
  229.19655 0.0188265 19
  241.19546 0.00856243 9
  242.19574 0.0101949 10
  245.19139 0.0140854 14
  257.22283 0.00929932 9
  259.20623 0.00711451 7
  261.21804 0.0141473 14
  277.25340 0.0712319 71
  278.25390 0.0114824 11
  287.23422 0.0117188 12
  289.21526 0.0245576 25
  289.25237 0.0122548 12
  299.23738 0.0450564 45
  303.26574 0.0201539 20
  311.27215 0.0298527 30
  313.25177 0.0105637 11
  315.26832 0.0112362 11
  317.24839 0.0120959 12
  318.25089 0.0150499 15
  329.28123 0.0349109 35
  330.28412 0.0100268 10
  339.26998 0.0631944 63
  357.27948 0.0681215 68
  358.28654 0.0164388 16
  375.28751 0.0230073 23
//