ACCESSION: MycoMSB-HZI-000476
RECORD_TITLE: Cochliodone A; timsTOF; MS2; CE:38.27906976744186; [M+H]+
DATE: 2026.06.26
AUTHORS: Charrià-Girón E, Surup F
LICENSE: CC BY
COPYRIGHT: Helmholtz Centre for Infection Research (HZI)
SP$SCIENTIFIC_NAME: Chaetomium cochliodes VTh01
PUBLICATION: doi:10.1016/j.tet.2008.07.040
COMMENT: Converted from Bruker MetaboScape .library export
CH$NAME: Cochliodone A
CH$COMPOUND_CLASS: Polyketides
CH$FORMULA: C34H38O12
CH$EXACT_MASS: 638.2363
CH$SMILES: CC1(CCCC2(CC=3C(=CO2)C(C(C)(C(C3C4=C5CC6(CCCC(C)(O6)[H])OC=C5C(C(C)(C4=O)OC(C)=O)=O)=O)OC(C)=O)=O)O1)[H]
CH$IUPAC: InChI=1S/C34H38O12/c1-17-9-7-11-33(43-17)13-21-23(15-41-33)27(37)31(5,45-19(3)35)29(39)25(21)26-22-14-34(12-8-10-18(2)44-34)42-16-24(22)28(38)32(6,30(26)40)46-20(4)36/h15-18H,7-14H2,1-6H3
CH$LINK: INCHIKEY XDRDZGUQBNNXLG-SQNVWISRSA-N
AC$INSTRUMENT: timsTOF Pro, Bruker Daltonics
AC$INSTRUMENT_TYPE: timsTOF
AC$MASS_SPECTROMETRY: MS_TYPE MS2
AC$MASS_SPECTROMETRY: ION_MODE POSITIVE
AC$MASS_SPECTROMETRY: COLLISION_ENERGY 38.27906976744186
AC$MASS_SPECTROMETRY: CCS 237.35641479492188
MS$FOCUSED_ION: BASE_PEAK 639.24360
MS$FOCUSED_ION: PRECURSOR_M/Z 639.24360
MS$FOCUSED_ION: PRECURSOR_TYPE [M+H]+
MS$DATA_PROCESSING: Converted with library_to_massbank.py
PK$SPLASH: splash10-0zg1-0000590000-e5a482a3892a43662e06
PK$NUM_PEAK: 232
PK$PEAK: m/z int. rel.int.
  202.09299 0.00513288 5
  204.07469 0.00611218 6
  217.08439 0.00621349 6
  219.09666 0.0112113 11
  219.10221 0.0112113 11
  231.10116 0.0196198 20
  236.09828 0.0168507 17
  236.10549 0.00955661 10
  237.10402 0.0058758 6
  237.11124 0.00557188 6
  259.09543 0.102894 103
  259.10836 0.00550434 5
  260.09662 0.0201601 20
  260.10339 0.0201601 20
  261.10736 0.00786817 8
  263.12769 0.0111438 11
  277.10616 0.00955661 10
  279.12116 0.061527 61
  280.12298 0.00915139 9
  285.11479 0.00644987 6
  303.11932 0.00577449 6
  319.13179 0.00631479 6
  321.13406 0.0166819 17
  341.10123 0.00972546 10
  345.10891 0.0159727 16
  347.10991 0.00567318 6
  355.11878 0.00692264 7
  355.12785 0.00692264 7
  357.11694 0.00503157 5
  357.13354 0.00557188 6
  359.12727 0.00557188 6
  360.13919 0.00560565 6
  361.14387 0.00766555 8
  362.11187 0.00506534 5
  365.10239 0.0131361 13
  365.13666 0.0113801 11
  367.15478 0.0073954 7
  375.12641 0.00861108 9
  375.15816 0.00540303 5
  375.19314 0.00560565 6
  377.13443 0.0135414 14
  378.14361 0.00877993 9
  379.11930 0.00513288 5
  379.15197 0.00547057 5
  379.15611 0.00547057 5
  380.12193 0.00823962 8
  381.13306 0.00570695 6
  381.15672 0.00536926 5
  385.14378 0.0059771 6
  385.16229 0.00644987 6
  385.18162 0.00675379 7
  387.11846 0.00509911 5
  387.19339 0.00530173 5
  388.11966 0.00803701 8
  388.13014 0.00688887 7
  389.13532 0.00780063 8
  389.17190 0.0109749 11
  391.15111 0.010671 11
  393.13338 0.0113801 11
  394.13815 0.0101307 10
  395.14720 0.0280958 28
  396.15260 0.00536926 5
  397.13835 0.00675379 7
  399.15191 0.00932023 9
  401.12195 0.0513626 51
  401.14500 0.0078344 8
  402.13032 0.00509911 5
  402.14390 0.00563942 6
  402.18110 0.00560565 6
  403.11500 0.0187418 19
  403.13541 0.00540303 5
  403.15423 0.0176274 18
  403.19020 0.0189782 19
  405.13191 0.0176612 18
  405.15990 0.00601087 6
  405.17480 0.00803701 8
  407.11003 0.00594334 6
  407.14846 0.00992807 10
  407.18171 0.0100969 10
  408.14792 0.00607841 6
  411.14346 0.0133725 13
  412.14719 0.0106372 11
  413.15505 0.0427177 43
  413.17318 0.01344 13
  414.15932 0.0160065 16
  414.18235 0.00516665 5
  415.14807 0.00560565 6
  417.13403 0.0155337 16
  417.16866 0.0168169 17
  418.17262 0.00736163 7
  420.19324 0.00877993 9
  421.12917 0.0126971 13
  421.19942 0.0131361 13
  423.14082 0.0140817 14
  423.17909 0.00803701 8
  423.21452 0.00800324 8
  427.18616 0.00658495 7
  428.19514 0.00570695 6
  431.14943 0.00769932 8
  431.18346 0.0817546 82
  432.15367 0.00506534 5
  432.18863 0.0153986 15
  433.16843 0.0113464 11
  433.19679 0.00992807 10
  434.17266 0.013879 14
  435.14008 0.0141492 14
  435.17854 0.0462297 46
  435.21391 0.00614595 6
  436.21914 0.00715902 7
  437.15221 0.00672002 7
  439.14050 0.00661871 7
  439.21189 0.0141154 14
  440.13989 0.0101645 10
  441.13493 0.00682133 7
  441.15601 0.0461622 46
  442.17043 0.00628103 6
  442.17479 0.00628103 6
  443.13359 0.0427515 43
  444.13509 0.0166143 17
  445.19986 0.0407929 41
  445.21962 0.00638233 6
  446.20510 0.0193158 19
  447.14003 0.0054368 5
  447.21717 0.00715902 7
  448.18511 0.0158376 16
  449.15602 0.0233681 23
  449.19630 0.117719 118
  450.15683 0.00705771 7
  450.19800 0.0286698 29
  451.17265 0.0371796 37
  452.17999 0.0114477 11
  453.15343 0.026745 27
  453.18864 0.029818 30
  454.19066 0.0054368 5
  455.18223 0.0301219 30
  457.14948 0.0107723 11
  457.16370 0.00709148 7
  458.14635 0.00580826 6
  459.13796 0.0115828 12
  459.17942 0.0660183 66
  460.14634 0.00756425 8
  460.18204 0.0236383 24
  463.21051 0.176443 176
  464.21516 0.0375511 38
  465.15886 0.00699017 7
  465.21375 0.00918516 9
  465.22656 0.0068551 7
  466.19292 0.0306622 31
  467.17573 0.00553811 6
  467.20574 0.103434 103
  468.20578 0.0172897 17
  469.14727 0.02455 25
  469.20786 0.00796947 8
  471.19649 0.00918516 9
  473.19610 0.0471752 47
  474.19849 0.0283322 28
  475.20191 0.00628103 6
  476.18416 0.00952284 10
  477.18969 0.223854 224
  478.19308 0.101442 101
  479.16417 0.00553811 6
  479.20355 0.0162091 16
  481.15174 0.0158039 16
  481.18993 0.00621349 6
  481.21975 0.102894 103
  482.22226 0.0173572 17
  483.16404 0.0299531 30
  484.18336 0.00678756 7
  485.13908 0.0103671 10
  491.16655 0.0479181 48
  491.20478 0.296019 296
  492.20789 0.10205 102
  493.18194 0.0154324 15
  493.21619 0.0205315 21
  494.19287 0.0327559 33
  494.21349 0.00722656 7
  495.19998 0.352818 352
  496.20448 0.0925607 92
  501.18896 0.0586567 59
  502.19393 0.0208017 21
  504.16534 0.00702394 7
  509.21614 0.756188 755
  509.23936 0.00577449 6
  510.21959 0.283355 283
  510.24033 0.00726032 7
  511.22192 0.0296491 30
  513.21039 0.12633 126
  514.21324 0.0227265 23
  515.20731 0.0190795 19
  519.15345 0.00692264 7
  519.19990 0.334076 334
  520.20135 0.089454 89
  521.20920 0.0112451 11
  523.23449 0.0232668 23
  524.23674 0.00840847 8
  533.21598 0.104988 105
  534.21883 0.0471077 47
  537.21132 0.674501 674
  537.23441 0.00540303 5
  538.21546 0.185729 186
  539.21670 0.0247864 25
  543.19671 0.00847601 8
  544.20517 0.00506534 5
  551.22616 1 999
  551.25061 0.0104346 10
  552.22844 0.322764 322
  552.25612 0.014757 15
  553.23223 0.039611 40
  554.21690 0.00513288 5
  555.22120 0.484517 484
  555.24644 0.00644987 6
  556.22619 0.139871 140
  556.24878 0.00736163 7
  557.21947 0.0105021 10
  561.21119 0.107757 108
  562.20176 0.00672002 7
  562.21709 0.0324182 32
  579.22095 0.239084 239
  580.22467 0.098943 99
  581.22339 0.00898254 9
  597.23152 0.591666 591
  597.26195 0.0100294 10
  598.23343 0.22301 223
  598.25911 0.00644987 6
  599.23799 0.0375511 38
  603.22207 0.00550434 5
  621.23503 0.0300544 30
  622.23467 0.012427 12
  639.24288 0.184547 184
  639.27924 0.00763178 8
  640.24633 0.0948908 95
  640.27325 0.00594334 6
//