ACCESSION: MycoMSB-HZI-000308
RECORD_TITLE: Xanthoquinodin B4; timsTOF; MS2; CE:38.116279069767444; [M+H]+
DATE: 2026.06.26
AUTHORS: Unknown
LICENSE: CC BY
COPYRIGHT: Helmholtz Centre for Infection Research (HZI)
SP$SCIENTIFIC_NAME: Chaetomium elatum (No. 63-10-3-1)
PUBLICATION: doi:10.1021/np400041y
COMMENT: Converted from Bruker MetaboScape .library export
CH$NAME: Xanthoquinodin B4
CH$COMPOUND_CLASS: Polyketides
CH$FORMULA: C31H26O11
CH$EXACT_MASS: 574.1475
CH$SMILES: CC1=CC2=C(C(=C1)O)C(=C3C(C4(C=CC3(CC5=CC(=C6C(C7=C(CCC(C7(C(=O)OC)OC6=C54)(O)[H])O)=O)O)C2(O)[H])[H])(O)[H])O
CH$IUPAC: InChI=1S/C31H28O11/c1-11-7-14-20(16(33)8-11)25(37)23-24(36)13-5-6-30(23,28(14)39)10-12-9-17(34)21-26(38)22-15(32)3-4-18(35)31(22,29(40)41-2)42-27(21)19(12)13/h5-9,13,18,24,28,32-37,39H,3-4,10H2,1-2H3
CH$LINK: INCHIKEY CGYJFOOLHKVVLW-URKGIYNXSA-N
AC$INSTRUMENT: timsTOF Pro, Bruker Daltonics
AC$INSTRUMENT_TYPE: timsTOF
AC$MASS_SPECTROMETRY: MS_TYPE MS2
AC$MASS_SPECTROMETRY: ION_MODE POSITIVE
AC$MASS_SPECTROMETRY: COLLISION_ENERGY 38.116279069767444
AC$MASS_SPECTROMETRY: CCS 232.2363739013672
MS$FOCUSED_ION: BASE_PEAK 575.15479
MS$FOCUSED_ION: PRECURSOR_M/Z 575.15479
MS$FOCUSED_ION: PRECURSOR_TYPE [M+H]+
MS$DATA_PROCESSING: Converted with library_to_massbank.py
PK$SPLASH: splash10-02vi-0133960000-19e4cae8027bb2a56c19
PK$NUM_PEAK: 234
PK$PEAK: m/z int. rel.int.
  109.02863 0.0194348 19
  123.04503 0.00994655 10
  135.04417 0.00984536 10
  137.02395 0.129293 129
  138.02642 0.0170954 17
  141.05461 0.038679 39
  147.00732 0.0066727 7
  151.03932 0.0112204 11
  163.03919 0.142037 142
  163.04603 0.071227 71
  164.04311 0.0155954 16
  169.05015 0.185758 186
  170.05316 0.0181728 18
  179.03438 0.0693758 69
  180.03744 0.0067858 7
  189.01767 0.00819653 8
  189.05555 0.0135418 14
  197.04480 0.023786 24
  203.03488 0.00591674 6
  203.07053 0.0261313 26
  204.07721 0.00683937 7
  211.07675 0.0148633 15
  213.05313 0.00838105 8
  214.06327 0.012024 12
  215.06211 0.0102442 10
  215.07006 0.0211967 21
  217.05084 0.0141906 14
  227.07059 0.0159347 16
  229.05050 0.0117442 12
  231.06604 0.0123037 12
  233.08142 0.00525006 5
  239.07063 0.0863641 86
  240.07436 0.0155478 16
  241.05009 0.0211014 21
  242.05724 0.0231074 23
  243.06599 0.0429529 43
  243.07438 0.021161 21
  255.06517 0.0712687 71
  256.07209 0.0328992 33
  257.08006 0.0197145 20
  259.06043 0.0325063 32
  260.06817 0.690008 689
  260.08799 0.0112442 11
  260.20119 0.00556554 6
  260.20903 0.00554173 6
  260.22059 0.00557745 6
  261.07201 0.106352 106
  262.07246 0.00794057 8
  262.07793 0.00794057 8
  267.06460 0.0288099 29
  269.04425 0.0119347 12
  269.08152 0.0052203 5
  271.06094 0.0139347 14
  273.07692 0.0119823 12
  275.09099 0.018399 18
  279.06557 0.0126549 13
  281.08098 0.00964297 10
  287.05565 0.0193633 19
  289.08450 0.00561911 6
  291.06485 0.00701199 7
  295.06033 0.0127442 13
  297.07564 0.00688699 7
  301.07051 0.0380719 38
  303.08668 0.0432148 43
  304.09079 0.00869058 9
  306.09122 0.0051072 5
  307.06072 0.0176014 18
  307.09679 0.0155895 16
  308.06497 0.00522625 5
  309.07530 0.0104823 10
  315.10146 0.0193871 19
  316.07312 0.0102977 10
  316.10755 0.00523221 5
  317.07749 0.0143871 14
  317.11663 0.00562507 6
  318.08839 0.0112323 11
  319.05926 0.00854772 9
  319.08079 0.151966 152
  319.09772 0.0170419 17
  320.08411 0.0301849 30
  321.09636 0.0112442 11
  326.09690 0.0091132 9
  327.09987 0.0120418 12
  329.11696 0.0164645 16
  333.07576 0.0136311 14
  333.11237 0.0853403 85
  334.08293 0.0221729 22
  334.11565 0.0196788 20
  335.09097 0.0175597 18
  336.09601 0.0053334 5
  339.10122 0.0244467 24
  340.10531 0.00898225 9
  341.08041 0.00716675 7
  342.08642 0.00619055 6
  343.06030 0.00893463 9
  343.09663 0.0538697 54
  344.06745 0.0133752 13
  344.10029 0.016143 16
  345.07572 0.105656 106
  346.07922 0.0286789 29
  359.09123 0.0178335 18
  360.09868 0.0261253 26
  361.06920 0.00778581 8
  361.10755 0.0454767 45
  362.07576 0.00989297 10
  362.11102 0.011893 12
  363.08380 0.00727985 7
  367.07810 0.008262 8
  369.07669 0.0187621 19
  370.07861 0.00756557 8
  377.10297 0.00676794 7
  378.11078 0.00882153 9
  379.11705 0.025286 25
  380.12202 0.0121549 12
  383.09112 0.00507744 5
  385.07002 0.0066846 7
  387.08678 0.0293694 29
  388.09033 0.00879772 9
  393.11220 0.00822034 8
  395.10817 0.00583936 6
  397.10489 0.00602388 6
  403.07935 0.00641079 6
  405.09701 0.0700723 70
  406.10121 0.0243336 24
  407.12633 0.0120835 12
  409.10810 0.01728 17
  411.12294 0.00985131 10
  417.11215 0.0183276 18
  418.11860 0.00881558 9
  419.08966 0.0163395 16
  420.10031 0.00554173 6
  421.10530 0.0162502 16
  422.10941 0.0113394 11
  423.12256 0.0267444 27
  424.12666 0.00875606 9
  425.10192 0.0941678 94
  426.10787 0.0508816 51
  427.11624 0.039929 40
  428.11999 0.0105239 11
  433.10683 0.064596 65
  434.11163 0.025167 25
  435.08921 0.00816081 8
  435.12262 0.116817 117
  436.09262 0.00700008 7
  436.12704 0.035054 35
  437.10234 0.0937392 94
  437.13609 0.0098275 10
  438.10722 0.0423934 42
  439.11618 0.0125894 13
  440.12137 0.00813105 8
  441.13402 0.0175835 18
  443.09142 0.0164764 16
  443.11236 0.0427743 43
  444.09932 0.00645841 6
  444.11548 0.0113989 11
  445.10795 0.068477 68
  446.11210 0.0270241 27
  447.08653 0.0156609 16
  448.09274 0.00903582 9
  450.11463 0.00510125 5
  451.11800 0.209568 209
  452.12118 0.0714056 71
  453.09781 0.0113573 11
  453.13319 0.0445243 44
  454.13587 0.0146787 15
  455.11132 0.0244586 24
  456.11301 0.00765485 8
  460.09802 0.00527982 5
  461.10192 0.178568 178
  462.10651 0.0655246 65
  463.11759 0.174764 175
  464.09032 0.00772033 8
  464.12131 0.0642686 64
  465.09586 0.0301194 30
  465.12327 0.00889892 9
  466.10292 0.0105001 10
  469.12828 0.0839236 84
  470.13155 0.0184347 18
  471.08724 0.0233574 23
  471.10564 0.00755366 8
  472.08740 0.0065477 7
  478.10540 0.0146847 15
  479.11225 0.558251 558
  479.13778 0.0105716 11
  480.11678 0.177704 178
  481.12689 0.100192 100
  482.13106 0.0319111 32
  483.10646 0.0372743 37
  484.11101 0.011768 12
  485.12282 0.0914832 91
  486.12692 0.0268515 27
  489.09642 0.143228 143
  490.10022 0.0675187 67
  491.10747 0.0198514 20
  493.12754 0.0262682 26
  494.12952 0.00781557 8
  495.14592 0.0076489 8
  497.12316 0.416743 416
  497.15018 0.00647032 6
  498.12587 0.148978 149
  499.13058 0.0164169 16
  501.11629 0.00527982 5
  503.13343 0.0694592 69
  504.13688 0.0341849 34
  507.10745 0.163169 163
  508.11126 0.0744771 74
  509.11592 0.011387 11
  511.13947 0.0295182 29
  512.14191 0.0102263 10
  515.13385 1 999
  515.15957 0.0244229 24
  515.32695 0.00711318 7
  515.34997 0.00702389 7
  515.47597 0.00508339 5
  515.80200 0.00654174 7
  516.13650 0.308879 309
  517.13906 0.0353159 35
  521.12217 0.0377564 38
  522.12709 0.0191967 19
  525.11831 0.674699 674
  525.14515 0.0140895 14
  526.12067 0.231735 232
  527.12335 0.0276015 28
  529.14860 0.0293158 29
  530.15179 0.0119704 12
  539.13252 0.084001 84
  540.13597 0.0279765 28
  543.12520 0.0115001 11
  557.14421 0.123698 124
  558.14845 0.0409826 41
  559.14854 0.00714889 7
  575.15451 0.0894773 89
  576.15636 0.0370421 37
  577.15859 0.0057084 6
//