ACCESSION: MycoMSB-HZI-000340
RECORD_TITLE: Favolon; timsTOF; MS2; CE:39.53488372093023; [M+H]+
DATE: 2026.06.26
AUTHORS: Unknown
LICENSE: CC BY
COPYRIGHT: Helmholtz Centre for Infection Research (HZI)
SP$SCIENTIFIC_NAME: Favolaschia sp. 87129
PUBLICATION: doi:10.7164/antibiotics.48.725
COMMENT: Converted from Bruker MetaboScape .library export
CH$NAME: Favolon
CH$FORMULA: C33H50O9
CH$EXACT_MASS: 590.3455
CH$SMILES: CC(C)[C@@H](C)[C@H](O)C(=O)[C@@H](C)[C@H]1CC[C@H]2[C@H]3C(=O)[C@H]4O[C@]45C[C@@H](OC(=O)[C@H](O)C(C)(C)O)CC[C@]5(C)[C@]34O[C@@H]4C[C@]12C
CH$IUPAC: InChI=1S/C33H50O9/c1-15(2)16(3)23(34)24(35)17(4)19-9-10-20-22-25(36)27-32(42-27)13-18(40-28(38)26(37)29(5,6)39)11-12-31(32,8)33(22)21(41-33)14-30(19,20)7/h15-23,26-27,34,37,39H,9-14H2,1-8H3/t16-,17+,18+,19-,20+,21-,22+,23+,26+,27-,30-,31+,32-,33-/m1/s1
CH$LINK: INCHIKEY SDVHFMSSWIIGCL-ASDINTJWSA-N
AC$INSTRUMENT: timsTOF Pro, Bruker Daltonics
AC$INSTRUMENT_TYPE: timsTOF
AC$MASS_SPECTROMETRY: MS_TYPE MS2
AC$MASS_SPECTROMETRY: ION_MODE POSITIVE
AC$MASS_SPECTROMETRY: COLLISION_ENERGY 39.53488372093023
AC$MASS_SPECTROMETRY: CCS 250.04248046875
MS$FOCUSED_ION: BASE_PEAK 591.35276
MS$FOCUSED_ION: PRECURSOR_M/Z 591.35276
MS$FOCUSED_ION: PRECURSOR_TYPE [M+H]+
MS$DATA_PROCESSING: Converted with library_to_massbank.py
PK$SPLASH: splash10-0c0u-0393400000-9146be39713c28e5a4f8
PK$NUM_PEAK: 225
PK$PEAK: m/z int. rel.int.
  109.51763 0.00726979 7
  121.10233 0.142973 143
  123.26189 0.00726979 7
  127.05750 0.0904685 90
  129.07017 0.100162 100
  131.08612 0.0977383 98
  133.10145 0.0848142 85
  135.07942 0.042811 43
  135.11397 0.109047 109
  135.12124 0.129241 129
  138.10499 0.00726979 7
  139.11235 0.0759289 76
  143.08618 0.29483 295
  145.10145 0.0702746 70
  147.11701 0.042811 43
  153.07094 0.0088853 9
  153.12707 0.0718901 72
  157.10131 0.171244 171
  159.11938 0.0791599 79
  164.82673 0.0177706 18
  165.12731 0.154281 154
  168.98356 0.0145396 15
  169.10152 0.0646204 65
  171.08036 0.0589661 59
  172.08642 0.129241 129
  173.13040 0.0993538 99
  174.07022 0.0500808 50
  175.11192 0.100969 101
  177.09222 0.0993538 99
  181.09885 0.124394 124
  181.10516 0.0363489 36
  183.11262 0.0654281 65
  187.11074 0.16559 165
  187.12863 0.0282714 28
  188.12067 0.148627 148
  189.09166 0.0694669 69
  195.11869 0.092084 92
  197.13406 0.0880452 88
  197.98273 0.00726979 7
  198.10160 0.0807754 81
  199.14894 0.221325 221
  200.59726 0.00726979 7
  203.10611 0.116317 116
  207.11857 0.0783522 78
  207.13883 0.0807754 81
  209.13291 0.201131 201
  209.14055 0.049273 49
  211.14961 0.0718901 72
  213.12718 0.171244 171
  215.10478 0.0638126 64
  215.14378 0.0807754 81
  217.15606 0.101777 102
  219.11054 0.00726979 7
  219.12212 0.106624 107
  221.12961 0.141357 141
  221.13658 0.088853 89
  223.11587 0.108239 108
  223.14391 0.0807754 81
  223.16961 0.114701 115
  225.12979 0.152666 153
  225.16970 0.0678514 68
  229.12434 0.168013 168
  233.13433 0.172859 173
  235.14963 0.115509 115
  236.16854 0.0177706 18
  239.14425 0.052504 52
  239.17812 0.092084 92
  239.92138 0.0282714 28
  243.14735 0.0912763 91
  243.17418 0.0694669 69
  244.22420 0.00726979 7
  248.12402 0.0646204 65
  249.16243 0.0282714 28
  250.12880 0.0831987 83
  250.17333 0.0169628 17
  251.14165 0.046042 46
  252.14662 0.0581583 58
  253.11626 0.0646204 65
  253.16268 0.147011 147
  253.18843 0.243942 244
  253.19685 0.260905 261
  257.18147 0.1042 104
  261.12486 0.0718901 72
  261.18300 0.0936995 94
  263.14274 0.26252 262
  263.17886 0.252019 252
  263.18647 0.0848142 85
  264.18217 0.0815832 82
  265.15938 0.152666 153
  265.19347 0.168013 168
  265.20523 0.0573506 57
  265.38868 0.0226171 23
  266.16902 0.0662359 66
  266.20475 0.0678514 68
  267.17546 0.152666 153
  270.16246 0.0290792 29
  271.20932 0.147819 148
  272.13808 0.0791599 79
  275.14483 0.0848142 85
  275.18375 0.0718901 72
  277.17761 0.0799677 80
  279.17752 0.137318 137
  281.05840 0.0161551 16
  281.15273 0.206785 207
  281.18725 0.793215 792
  281.86669 0.00807754 8
  282.15827 0.0605816 61
  282.18784 0.20517 205
  282.20031 0.0662359 66
  283.08392 0.0662359 66
  283.20828 0.241519 241
  283.27871 0.0799677 80
  284.20990 0.151858 152
  285.14576 0.092084 92
  285.18803 0.092084 92
  289.15623 0.0670436 67
  291.19999 0.0686591 69
  292.11895 0.00726979 7
  293.63948 0.00726979 7
  295.16396 0.102585 102
  295.20965 0.088853 89
  299.03299 0.0274637 27
  299.16014 0.095315 95
  299.20073 0.0694669 69
  300.19997 0.116317 116
  303.18047 0.0678514 68
  305.12282 0.0177706 18
  307.17006 0.0759289 76
  309.18398 0.140549 140
  310.18660 0.201939 202
  311.19952 0.173667 173
  312.20754 0.170436 170
  313.22195 0.163166 163
  314.22014 0.0654281 65
  315.19602 0.193053 193
  323.19958 0.283522 283
  326.17721 0.0654281 65
  327.19611 0.194669 194
  328.20027 0.0654281 65
  339.14930 0.0508885 51
  341.20967 0.187399 187
  341.22946 0.00726979 7
  345.16181 0.0621971 62
  348.27837 0.0726979 73
  357.25366 0.0638126 64
  358.23888 0.0815832 82
  359.81866 0.00726979 7
  361.26810 0.0791599 79
  364.27126 0.0541195 54
  365.25115 0.098546 98
  373.19816 0.0654281 65
  375.27402 0.0759289 76
  381.27955 0.0710824 71
  389.24380 0.082391 82
  393.27804 0.396607 396
  393.79673 0.0411955 41
  394.29354 0.0468498 47
  397.24049 0.0783522 78
  403.24581 0.0573506 57
  403.26152 0.0630048 63
  410.39188 0.00726979 7
  411.29186 0.427302 427
  412.29540 0.0702746 70
  412.74654 0.0169628 17
  413.29650 0.0193861 19
  413.32512 0.0726979 73
  415.24584 0.217286 217
  416.25605 0.0831987 83
  416.94568 0.00807754 8
  421.27260 0.414378 414
  422.28032 0.0516963 52
  425.22705 0.0638126 64
  426.24050 0.0444265 44
  427.63030 0.00726979 7
  429.29747 0.154281 154
  430.14413 0.0533118 53
  430.29986 0.0589661 59
  434.49257 0.082391 82
  439.28448 0.361874 362
  440.28295 0.192246 192
  457.29361 1 999
  457.31775 0.117932 118
  458.29918 0.0791599 79
  458.54702 0.0145396 15
  459.23730 0.0258481 26
  461.24742 0.088853 89
  465.21335 0.0686591 69
  473.25059 0.0670436 67
  474.25838 0.0613893 61
  485.24942 0.0743134 74
  500.91420 0.00726979 7
  533.36594 0.00726979 7
  541.63437 0.00726979 7
  555.33445 0.21567 215
  556.33832 0.11147 111
  573.33848 0.0387722 39
  574.36520 0.0831987 83
  590.39303 0.0815832 82
  653.02333 0.00726979 7
  663.82840 0.00726979 7
  676.07178 0.00726979 7
  705.58990 0.00726979 7
  786.49915 0.00726979 7
  801.50290 0.00726979 7
  856.47781 0.00726979 7
  948.61187 0.00726979 7
  1089.54505 0.00726979 7
  1165.44240 0.00726979 7
  1191.12933 0.00726979 7
  1209.46826 0.00726979 7
  1222.16574 0.00726979 7
  1334.98793 0.00726979 7
  1345.11174 0.00726979 7
  1376.26967 0.00726979 7
  1424.14772 0.00726979 7
  1471.81195 0.00726979 7
  1474.33348 0.00726979 7
  1490.13581 0.00726979 7
  1527.10010 0.00726979 7
  1527.80927 0.00726979 7
  1570.70991 0.00726979 7
  1618.10342 0.00726979 7
  1749.71799 0.00726979 7
  1750.39854 0.00726979 7
  1782.56035 0.00726979 7
//