ACCESSION: MycoMSB-HZI-003177
RECORD_TITLE: Laetiporin B; timsTOF; MS2; CE:43.395348837209305; [2M+H]+
DATE: 2026.06.26
AUTHORS: Charrià-Girón E, Surup F
LICENSE: CC BY
COPYRIGHT: Helmholtz Centre for Infection Research (HZI)
PUBLICATION: doi:10.1016/j.phytol.2017.04.009
COMMENT: Converted from Bruker MetaboScape .library export
CH$NAME: Laetiporin B
CH$FORMULA: C34H52O7
CH$EXACT_MASS: 572.3713
CH$SMILES: C
CH$IUPAC: InChI=1S/C34H52O7/c1-19(2)20(3)9-10-21(30(39)40)24-17-27(41-29(38)18-28(36)37)34(8)23-11-12-25-31(4,5)26(35)14-15-32(25,6)22(23)13-16-33(24,34)7/h19,21,24-27,35H,3,9-18H2,1-2,4-8H3,(H,36,37)(H,39,40)/t21-,24+,25-,26-,27-,32+,33+,34+/m0/s1
CH$LINK: INCHIKEY MDPWBYGDZIOSBE-PWUJMTERSA-N
SP$SCIENTIFIC_NAME: Laetiporus sp.
AC$INSTRUMENT: timsTOF Pro, Bruker Daltonics
AC$INSTRUMENT_TYPE: TIMS-TOF
AC$MASS_SPECTROMETRY: MS_TYPE MS2
AC$MASS_SPECTROMETRY: ION_MODE POSITIVE
AC$MASS_SPECTROMETRY: COLLISION_ENERGY 43.395348837209305
AC$MASS_SPECTROMETRY: CCS 300.3689270019531
MS$FOCUSED_ION: BASE_PEAK 1145.74988
MS$FOCUSED_ION: PRECURSOR_M/Z 1145.74988
MS$FOCUSED_ION: PRECURSOR_TYPE [2M+H]+
MS$DATA_PROCESSING: Converted with library_to_massbank.py
PK$SPLASH: splash10-0gi0-0002920000-97c1d055f137d9945754
PK$NUM_PEAK: 79
PK$PEAK: m/z int. rel.int.
  142.07690 0.0106971 11
  149.13178 0.00975667 10
  175.14549 0.0405548 41
  187.13927 0.0135183 14
  193.12006 0.00940402 9
  199.14636 0.0101093 10
  203.18188 0.00717057 7
  214.16938 0.0114024 11
  227.17340 0.0162219 16
  230.19169 0.00728812 7
  241.19671 0.0106971 11
  243.13919 0.00987422 10
  244.14512 0.0114024 11
  259.16844 0.0102269 10
  260.20669 0.0144587 14
  275.19990 0.0231574 23
  291.23026 0.0130481 13
  295.23727 0.0317386 32
  295.25080 0.00517221 5
  296.24881 0.0144587 14
  296.25957 0.00775832 8
  303.22939 0.0208064 21
  304.23196 0.0148113 15
  309.22749 0.00740567 7
  310.37006 0.00505466 5
  311.20009 0.00987422 10
  311.23682 0.0380863 38
  311.24700 0.0112848 11
  313.24960 0.0588927 59
  313.25884 0.0392618 39
  315.22796 0.0243329 24
  315.23630 0.0138709 14
  315.25018 0.00693546 7
  327.22360 0.0262137 26
  327.23810 0.0284472 28
  329.24701 0.0134007 13
  355.26182 0.0631245 63
  356.26654 0.00681791 7
  367.26534 0.00975667 10
  373.27463 0.108734 109
  374.27743 0.0411426 41
  382.28122 0.0126954 13
  384.29932 0.0126954 13
  385.26891 0.010462 10
  398.35310 0.00952157 10
  415.33908 0.00740567 7
  423.35944 0.0606559 61
  424.36453 0.00752322 8
  424.37742 0.00822852 8
  425.29950 0.00587751 6
  425.33821 0.00834607 8
  433.34466 0.0500764 50
  441.36795 0.00846362 8
  449.34312 0.0111673 11
  451.35584 0.590808 590
  452.35876 0.250735 250
  452.37551 0.00552486 6
  452.69609 0.00752322 8
  453.36382 0.036323 36
  469.36603 1 999
  469.39689 0.00528976 5
  470.27843 0.00634771 6
  470.36939 0.284001 284
  470.70594 0.00528976 5
  470.84169 0.00517221 5
  470.90279 0.00752322 8
  471.37408 0.0752322 75
  472.32951 0.00646526 6
  472.37370 0.00811097 8
  474.70535 0.00599506 6
  555.36586 0.163983 164
  556.37246 0.0518397 52
  556.39349 0.00893382 9
  557.09409 0.00752322 8
  572.36771 0.0144587 14
  573.37674 0.288233 288
  574.37716 0.0858117 86
  574.39434 0.0262137 26
  575.37449 0.00517221 5
//