ACCESSION: MycoMSB-HZI-000719
RECORD_TITLE: Microporenic acid B; timsTOF; MS2; CE:35.86046511627907; [M+K]+
DATE: 2026.06.26
AUTHORS: Unknown
LICENSE: CC BY
COPYRIGHT: Helmholtz Centre for Infection Research (HZI)
SP$SCIENTIFIC_NAME: Microporus sp.
PUBLICATION: doi:10.1021/acs.jnatprod.7b00764
COMMENT: Converted from Bruker MetaboScape .library export
CH$NAME: Microporenic acid B
CH$COMPOUND_CLASS: Terpenoids
CH$FORMULA: C27H42O7
CH$EXACT_MASS: 478.2931
CH$SMILES: CC(=CCC/C(=C/CC/C(=C/CC/C(=C/CO[C@H]([C@H](CC(=O)OC)C(=O)O)C(=O)O)/C)/C)/C)C
CH$IUPAC: InChI=1S/C27H42O7/c1-19(2)10-7-11-20(3)12-8-13-21(4)14-9-15-22(5)16-17-34-25(27(31)32)23(26(29)30)18-24(28)33-6/h10,12,14,16,23,25H,7-9,11,13,15,17-18H2,1-6H3,(H,29,30)(H,31,32)/b20-12+,21-14+,22-16+/t23-,25+/m0/s1
CH$LINK: INCHIKEY ZBDVBGZCDFAFSD-WUHCIOOHSA-N
AC$INSTRUMENT: timsTOF Pro, Bruker Daltonics
AC$INSTRUMENT_TYPE: timsTOF
AC$MASS_SPECTROMETRY: MS_TYPE MS2
AC$MASS_SPECTROMETRY: ION_MODE POSITIVE
AC$MASS_SPECTROMETRY: COLLISION_ENERGY 35.86046511627907
AC$MASS_SPECTROMETRY: CCS 190.80970764160156
MS$FOCUSED_ION: BASE_PEAK 517.25621
MS$FOCUSED_ION: PRECURSOR_M/Z 517.25621
MS$FOCUSED_ION: PRECURSOR_TYPE [M+K]+
MS$DATA_PROCESSING: Converted with library_to_massbank.py
PK$SPLASH: splash10-014i-0010090000-65e30ca65dffe54e4508
PK$NUM_PEAK: 108
PK$PEAK: m/z int. rel.int.
  104.54487 0.00635145 6
  111.50218 0.00635145 6
  119.39354 0.00635145 6
  122.94732 0.00635145 6
  129.53386 0.00635145 6
  143.02038 0.00635145 6
  158.14887 0.00635145 6
  167.55366 0.00635145 6
  179.39401 0.00635145 6
  181.47834 0.00635145 6
  191.68188 0.00635145 6
  199.08706 0.00635145 6
  220.16277 0.00635145 6
  229.03313 0.189838 190
  234.02150 0.00635145 6
  261.04306 0.00635145 6
  265.60942 0.00635145 6
  270.80709 0.00635145 6
  273.17786 0.0691602 69
  287.47886 0.00635145 6
  312.27480 0.00635145 6
  345.06925 0.00635145 6
  349.18428 0.00635145 6
  354.86606 0.00635145 6
  373.11957 0.00635145 6
  377.20060 0.0437544 44
  380.76949 0.00635145 6
  398.85349 0.00635145 6
  405.56672 0.00635145 6
  410.31833 0.00635145 6
  415.49289 0.00635145 6
  434.07422 0.00635145 6
  448.16766 0.0381087 38
  458.71294 0.00635145 6
  493.51746 0.00635145 6
  517.34773 0.173606 173
  517.36963 1 999
  518.37508 0.469301 469
  518.47998 0.01482 15
  519.34940 0.0592802 59
  519.37079 0.0345801 35
  519.39931 0.0225829 23
  533.60132 0.00635145 6
  548.58824 0.00635145 6
  554.83417 0.00635145 6
  570.26746 0.00635145 6
  570.71579 0.00635145 6
  575.18255 0.00635145 6
  636.46756 0.00635145 6
  647.50528 0.00635145 6
  651.79917 0.00635145 6
  665.76252 0.00635145 6
  666.71536 0.00635145 6
  685.44434 0.00635145 6
  696.39341 0.00635145 6
  712.25105 0.00635145 6
  731.56665 0.00635145 6
  756.98238 0.00635145 6
  766.08173 0.00635145 6
  773.68140 0.00635145 6
  793.33585 0.00635145 6
  819.56104 0.00635145 6
  837.04609 0.00635145 6
  855.41094 0.00635145 6
  892.08434 0.00635145 6
  903.08791 0.00635145 6
  905.47275 0.00635145 6
  923.28103 0.00635145 6
  934.95300 0.00635145 6
  959.58260 0.00635145 6
  971.91018 0.00635145 6
  995.32036 0.00635145 6
  1054.84611 0.00635145 6
  1129.63403 0.00635145 6
  1151.52545 0.00635145 6
  1205.76041 0.00635145 6
  1216.71349 0.00635145 6
  1223.05090 0.00635145 6
  1230.65556 0.00635145 6
  1250.11320 0.00635145 6
  1255.91040 0.00635145 6
  1264.20028 0.00635145 6
  1296.77617 0.00635145 6
  1348.03606 0.00635145 6
  1363.65631 0.00635145 6
  1367.23417 0.00635145 6
  1379.04705 0.00635145 6
  1415.80864 0.00635145 6
  1426.35184 0.00635145 6
  1435.20326 0.00635145 6
  1442.86972 0.00635145 6
  1449.60355 0.00635145 6
  1528.91639 0.00635145 6
  1557.50186 0.00635145 6
  1563.13074 0.00635145 6
  1621.28782 0.00635145 6
  1635.16751 0.00705716 7
  1662.70889 0.00635145 6
  1682.64312 0.00635145 6
  1701.92167 0.00635145 6
  1709.02748 0.00635145 6
  1715.73339 0.00635145 6
  1728.30009 0.00635145 6
  1730.72653 0.00635145 6
  1751.23994 0.00635145 6
  1757.94938 0.00635145 6
  1763.25260 0.00635145 6
  1774.22561 0.00635145 6
//