ACCESSION: MycoMSB-HZI-000356
RECORD_TITLE: Fumitremorgin C; timsTOF; MS2; CE:36.23255813953489; [M+Na]+
DATE: 2026.06.26
AUTHORS: Charrià-Girón E, Surup F
LICENSE: CC BY
COPYRIGHT: Helmholtz Centre for Infection Research (HZI)
SP$SCIENTIFIC_NAME: Aspergillus fumigatus
PUBLICATION: doi:10.5281/zenodo.3541160
COMMENT: Converted from Bruker MetaboScape .library export
CH$NAME: Fumitremorgin C
CH$COMPOUND_CLASS: Alkaloids / Amino acids and Peptides
CH$FORMULA: C22H25N3O3
CH$EXACT_MASS: 379.1896
CH$SMILES: CC(C)=CC1(C2=C(CC3(C(N4CCCC4(C(N13)=O)[H])=O)[H])C=5C=CC(=CC5N2)OC)[H]
CH$IUPAC: InChI=1S/C22H25N3O3/c1-12(2)9-18-20-15(14-7-6-13(28-3)10-16(14)23-20)11-19-21(26)24-8-4-5-17(24)22(27)25(18)19/h6-7,9-10,17-19,23H,4-5,8,11H2,1-3H3
CH$LINK: INCHIKEY DBEYVIGIPJSTOR-FHWLQOOXSA-N
AC$INSTRUMENT: timsTOF Pro, Bruker Daltonics
AC$INSTRUMENT_TYPE: timsTOF
AC$MASS_SPECTROMETRY: MS_TYPE MS2
AC$MASS_SPECTROMETRY: ION_MODE POSITIVE
AC$MASS_SPECTROMETRY: COLLISION_ENERGY 36.23255813953489
AC$MASS_SPECTROMETRY: CCS 205.4647979736328
MS$FOCUSED_ION: BASE_PEAK 402.17881
MS$FOCUSED_ION: PRECURSOR_M/Z 402.17881
MS$FOCUSED_ION: PRECURSOR_TYPE [M+Na]+
MS$DATA_PROCESSING: Converted with library_to_massbank.py
PK$SPLASH: splash10-0fk9-1575924401-c2609526c8cf27f10365
PK$NUM_PEAK: 111
PK$PEAK: m/z int. rel.int.
  105.18730 0.0666667 67
  114.06227 0.0666667 67
  137.59627 0.0666667 67
  145.33707 0.0666667 67
  147.97393 0.0666667 67
  150.30446 0.0666667 67
  158.52983 0.0666667 67
  160.93380 0.0666667 67
  163.19596 0.0666667 67
  163.90012 0.0666667 67
  183.93689 0.0666667 67
  186.72010 0.0666667 67
  188.50271 0.0666667 67
  195.97174 0.0666667 67
  201.19143 0.0666667 67
  210.30037 0.0666667 67
  213.45158 0.0666667 67
  217.50889 0.0666667 67
  221.59741 1 999
  239.94079 0.0666667 67
  283.13133 0.0666667 67
  287.94195 0.0666667 67
  288.12247 0.0666667 67
  289.50481 0.0666667 67
  309.94250 0.0666667 67
  326.60393 0.0666667 67
  340.44393 0.0666667 67
  344.67081 0.0666667 67
  350.28085 0.0666667 67
  356.44395 0.0666667 67
  360.18661 0.0666667 67
  382.60008 0.0666667 67
  403.29907 0.0666667 67
  403.32420 0.674074 673
  410.02422 0.0666667 67
  418.05778 0.0666667 67
  425.60112 0.0666667 67
  437.17997 0.0666667 67
  448.64911 0.0666667 67
  457.02064 0.0666667 67
  467.92289 0.0666667 67
  468.97919 0.0666667 67
  470.07738 0.0666667 67
  475.84689 0.0666667 67
  481.96748 0.0666667 67
  546.64030 0.0666667 67
  559.81160 0.0666667 67
  578.70674 0.0666667 67
  589.26066 0.0666667 67
  628.67885 0.0666667 67
  635.66377 0.0666667 67
  645.37078 0.0666667 67
  656.49732 0.0666667 67
  672.09148 0.0666667 67
  676.21793 0.0666667 67
  681.20184 0.0666667 67
  688.06563 0.0666667 67
  688.29543 0.0666667 67
  715.76441 0.0666667 67
  735.92513 0.0666667 67
  747.68368 0.0666667 67
  778.36038 0.0666667 67
  780.39974 0.0666667 67
  796.16178 0.0666667 67
  798.90064 0.0666667 67
  847.83330 0.0666667 67
  863.96462 0.0666667 67
  904.86154 0.0666667 67
  921.08249 0.0666667 67
  944.06852 0.0666667 67
  947.02668 0.0666667 67
  999.99109 0.0666667 67
  1001.37660 0.0666667 67
  1002.68383 0.0666667 67
  1030.31234 0.0666667 67
  1040.86319 0.0666667 67
  1083.72766 0.0666667 67
  1103.59190 0.0666667 67
  1143.98323 0.0666667 67
  1152.57553 0.0666667 67
  1212.69004 0.0666667 67
  1300.91540 0.0666667 67
  1343.68845 0.0666667 67
  1353.33867 0.0666667 67
  1355.29589 0.0666667 67
  1378.03334 0.0740741 74
  1379.40406 0.0666667 67
  1386.22132 0.0666667 67
  1386.38440 0.0666667 67
  1408.95728 0.0666667 67
  1409.16867 0.0666667 67
  1413.68193 0.0666667 67
  1415.16442 0.0666667 67
  1429.46422 0.0666667 67
  1459.88080 0.0740741 74
  1511.05164 0.0666667 67
  1534.00181 0.0666667 67
  1541.60200 0.0666667 67
  1589.11248 0.0666667 67
  1614.73115 0.0666667 67
  1620.84663 0.0666667 67
  1626.26077 0.0666667 67
  1666.25100 0.0666667 67
  1675.74009 0.0666667 67
  1698.04625 0.0666667 67
  1730.87081 0.0666667 67
  1761.32356 0.0666667 67
  1777.78046 0.0666667 67
  1783.74772 0.0666667 67
  1788.45464 0.0666667 67
  1797.69475 0.0666667 67
//