ACCESSION: MycoMSB-HZI-002499
RECORD_TITLE: Fumagillin; timsTOF; MS2; CE:37.27906976744186; [M+H]+
DATE: 2026.06.26
AUTHORS: Charrià-Girón E, Surup F
LICENSE: CC BY
COPYRIGHT: Helmholtz Centre for Infection Research (HZI)
PUBLICATION: doi:10.1021/ja01475a029
SP$SCIENTIFIC_NAME: Aspergillus funigatus H-3
COMMENT: Converted from Bruker MetaboScape .library export
CH$NAME: Fumagillin
CH$FORMULA: C26H34O7
CH$EXACT_MASS: 458.2305
CH$SMILES: CC(=CC[C@@H]1[C@@](O1)(C)[C@H]2[C@@H]([C@@H](CC[C@]23CO3)OC(=O)/C=C/C=C/C=C/C=C/C(=O)O)OC)C
CH$IUPAC: InChI=1S/C26H34O7/c1-18(2)13-14-20-25(3,33-20)24-23(30-4)19(15-16-26(24)17-31-26)32-22(29)12-10-8-6-5-7-9-11-21(27)28/h5-13,19-20,23-24H,14-17H2,1-4H3,(H,27,28)/b7-5+,8-6+,11-9+,12-10+/t19-,20-,23-,24-,25+,26+/m1/s1
CH$LINK: INCHIKEY NGGMYCMLYOUNGM-CSDLUJIJSA-N
AC$INSTRUMENT: timsTOF Pro, Bruker Daltonics
AC$INSTRUMENT_TYPE: TIMS-TOF
AC$MASS_SPECTROMETRY: MS_TYPE MS2
AC$MASS_SPECTROMETRY: ION_MODE POSITIVE
AC$MASS_SPECTROMETRY: COLLISION_ENERGY 37.27906976744186
AC$MASS_SPECTROMETRY: CCS 231.0264129638672
MS$FOCUSED_ION: BASE_PEAK 459.23773
MS$FOCUSED_ION: PRECURSOR_M/Z 459.23773
MS$FOCUSED_ION: PRECURSOR_TYPE [M+H]+
MS$DATA_PROCESSING: Converted with library_to_massbank.py
PK$SPLASH: splash10-001i-0900000000-35a3213864f6c43f532f
PK$NUM_PEAK: 110
PK$PEAK: m/z int. rel.int.
  103.05153 0.0137931 14
  111.08131 0.0188394 19
  117.06903 0.0659378 66
  119.08775 0.0117746 12
  120.09186 0.0144659 14
  121.02956 0.026577 27
  121.06538 0.215139 215
  121.10319 0.0334735 33
  121.10879 0.0223717 22
  121.73447 0.00689655 7
  122.06606 0.0200168 20
  122.10235 0.0176619 18
  123.08088 0.027418 27
  125.03742 0.0158116 16
  125.09339 0.0228764 23
  125.09864 0.00504626 5
  129.06962 0.0284272 28
  130.08276 0.0285955 29
  131.04924 1 999
  131.05689 0.0272498 27
  131.08502 0.127502 127
  132.05411 0.0518082 52
  132.08677 0.0240538 24
  133.06357 0.0285955 29
  133.09587 0.035492 35
  133.10368 0.0578638 58
  135.04424 0.0154752 15
  135.08003 0.075021 75
  136.83151 0.00639193 6
  137.09659 0.0568545 57
  139.07555 0.140791 141
  139.10980 0.015307 15
  140.08006 0.0171573 17
  140.11524 0.0275862 28
  141.07042 0.0351556 35
  142.07545 0.0213625 21
  143.08592 0.0373423 37
  145.10117 0.139781 140
  146.06697 0.0151388 15
  147.07965 0.0703112 70
  147.11575 0.0756939 76
  149.05987 0.152565 152
  149.06729 0.0129521 13
  149.09595 0.239865 240
  150.03330 0.00504626 5
  150.06204 0.0179983 18
  150.10420 0.012111 12
  151.08124 0.0179983 18
  151.09855 0.0255677 26
  151.11294 0.0563499 56
  155.08415 0.0874685 87
  156.09414 0.0164844 16
  157.10221 0.0173255 17
  158.07295 0.0230446 23
  158.94662 0.00689655 7
  159.04130 0.0238856 24
  159.05313 0.016148 16
  159.07733 0.152229 152
  159.11663 0.079058 79
  160.08259 0.0250631 25
  160.12020 0.0139613 14
  161.09666 0.0289319 29
  162.09769 0.0183347 18
  163.07501 0.0402019 40
  163.11097 0.019344 19
  164.11337 0.0186712 19
  165.08971 0.0329689 33
  166.09313 0.0185029 18
  169.10145 0.0343146 34
  171.07909 0.0119428 12
  171.11592 0.0210261 21
  172.08718 0.0132885 13
  173.09555 0.0625736 63
  173.13032 0.0336417 34
  174.09780 0.0169891 17
  175.11059 0.0105971 11
  177.05178 0.179983 180
  177.07005 0.0148024 15
  177.09035 0.211438 211
  177.12186 0.0415475 42
  178.05387 0.0142977 14
  178.09585 0.0215307 22
  179.10625 0.0723297 72
  179.14299 0.020185 20
  181.07430 0.0097561 10
  183.07733 0.015307 15
  183.11331 0.0339781 34
  185.13182 0.015307 15
  186.13775 0.0144659 14
  187.14675 0.101934 102
  188.15256 0.0361648 36
  191.10794 0.0312868 31
  196.10815 0.0267452 27
  197.13245 0.01127 11
  198.13080 0.015307 15
  198.39730 0.00555088 6
  199.11180 0.0218671 22
  204.14701 0.015307 15
  205.12486 0.0136249 14
  205.15846 0.0255677 26
  209.11442 0.0390244 39
  210.11940 0.0131203 13
  212.11263 0.0215307 22
  214.37627 0.00656013 7
  215.14182 0.0835997 84
  233.15387 0.0783852 78
  234.61359 0.00639193 6
  247.16873 0.0582002 58
  248.17332 0.0198486 20
  303.19872 0.0117746 12
//