ACCESSION: MycoMSB-HZI-000926
RECORD_TITLE: Pseurotin A; timsTOF; MS2; CE:35.0; [M+Na]+
DATE: 2026.06.26
AUTHORS: Unknown
LICENSE: CC BY
COPYRIGHT: Helmholtz Centre for Infection Research (HZI)
SP$SCIENTIFIC_NAME: Aspergillus fumigatus WFZ-25
PUBLICATION: doi:10.1002/hlca.19760590114
COMMENT: Converted from Bruker MetaboScape .library export
CH$NAME: Pseurotin A
CH$COMPOUND_CLASS: Amino acids and Peptides / Polyketides
CH$FORMULA: C22H25NO8
CH$EXACT_MASS: 431.1580
CH$SMILES: CC/C=C\[C@@H]([C@@H](C1=C(C(=O)[C@@]2(O1)[C@H]([C@@](NC2=O)(C(=O)C3=CC=CC=C3)OC)O)C)O)O
CH$IUPAC: InChI=1S/C22H25NO8/c1-4-5-11-14(24)15(25)16-12(2)17(26)21(31-16)19(28)22(30-3,23-20(21)29)18(27)13-9-7-6-8-10-13/h5-11,14-15,19,24-25,28H,4H2,1-3H3,(H,23,29)/b11-5-/t14-,15-,19+,21+,22+/m0/s1
CH$LINK: INCHIKEY SLYDIPAXCVVRNY-UOWMTANKSA-N
AC$INSTRUMENT: timsTOF Pro, Bruker Daltonics
AC$INSTRUMENT_TYPE: timsTOF
AC$MASS_SPECTROMETRY: MS_TYPE MS2
AC$MASS_SPECTROMETRY: ION_MODE POSITIVE
AC$MASS_SPECTROMETRY: COLLISION_ENERGY 34.95348837209302
AC$MASS_SPECTROMETRY: CCS 186.82814025878906
MS$FOCUSED_ION: BASE_PEAK 454.14724
MS$FOCUSED_ION: PRECURSOR_M/Z 454.14724
MS$FOCUSED_ION: PRECURSOR_TYPE [M+Na]+
MS$DATA_PROCESSING: Converted with library_to_massbank.py
PK$SPLASH: splash10-03xr-0292100000-9d4cd60947b311cebe14
PK$NUM_PEAK: 109
PK$PEAK: m/z int. rel.int.
  121.06240 0.00840023 8
  149.02142 0.0202031 20
  156.04143 0.0686374 69
  156.04912 0.00765591 8
  157.02568 0.0953267 95
  157.04295 0.00510394 5
  158.02849 0.00946355 9
  174.99732 0.0109522 11
  176.00778 0.0246159 25
  177.01577 0.0139295 14
  178.02254 0.0329629 33
  179.02943 0.0231272 23
  184.03687 0.197671 197
  185.03872 0.0260514 26
  186.05072 0.0471051 47
  187.05411 0.00611409 6
  188.06929 0.012813 13
  188.07596 0.00786857 8
  191.01552 0.00962305 10
  192.02345 0.0227551 23
  192.02814 0.0227551 23
  193.01180 0.0120687 12
  193.03139 0.0216386 22
  198.05160 0.0187676 19
  199.05626 0.00696475 7
  205.03037 0.0056356 6
  212.03474 0.00622043 6
  213.03818 0.0287628 29
  214.05073 0.00972938 10
  216.02108 0.00584826 6
  216.06242 1 999
  217.06599 0.147642 147
  221.04575 0.00526344 5
  224.03255 0.00712425 7
  226.04351 0.00616726 6
  227.11954 0.00568877 6
  230.05442 0.00680525 7
  232.01991 0.0350896 35
  233.02247 0.00914456 9
  234.03121 0.00542294 5
  235.04409 0.0139295 14
  235.09161 0.0496039 50
  239.05320 0.0304641 30
  242.04077 0.0161093 16
  242.04807 0.00606093 6
  247.04530 0.0198309 20
  250.02741 0.0170131 17
  250.03327 0.0170131 17
  251.01463 0.00622043 6
  252.03174 0.00680525 7
  261.07148 0.988569 988
  261.09132 0.00834707 8
  262.07663 0.134829 135
  263.07653 0.0301983 30
  263.08714 0.179648 179
  263.17295 0.00510394 5
  264.09002 0.0290818 29
  266.05495 0.0123345 12
  267.08507 0.00637992 6
  278.10031 0.0190334 19
  279.08511 0.0129725 13
  279.09913 0.00536977 5
  284.04941 0.00584826 6
  292.12559 0.00637992 6
  293.04065 0.00515711 5
  293.06207 0.00521027 5
  294.04832 0.0250412 25
  294.05637 0.00669892 7
  295.05731 0.0340263 34
  296.06078 0.00824074 8
  308.05191 0.0271147 27
  310.06772 0.0334946 33
  318.08984 0.0119624 12
  320.05635 0.0155776 16
  320.10549 0.0227551 23
  320.11314 0.0215322 22
  321.10994 0.0054761 5
  332.10800 0.0115902 12
  334.08978 0.03812 38
  335.08747 0.0102079 10
  336.04831 0.0123345 12
  336.10424 0.0087724 9
  337.05350 0.0820352 82
  337.07032 0.0110054 11
  338.06384 0.171567 171
  339.11983 0.0225956 23
  340.11554 0.0123345 12
  340.12419 0.00627359 6
  351.11609 0.0120687 12
  369.08200 0.117231 117
  370.08668 0.187995 188
  371.08808 0.0171195 17
  379.11358 0.0395024 39
  379.15039 0.00611409 6
  380.11158 0.00983572 10
  383.12945 0.00521027 5
  394.12654 0.0299856 30
  395.12594 0.0112712 11
  408.14340 0.00802807 8
  410.12132 0.0114839 11
  411.12082 0.0159498 16
  420.61314 0.00606093 6
  422.11891 0.267638 267
  422.14462 0.00627359 6
  423.12266 0.0707108 71
  426.15009 0.011218 11
  454.14583 0.180446 180
  454.18794 0.00536977 5
  455.14609 0.05827 58
//