ACCESSION: MycoMSB-HZI-003293
RECORD_TITLE: Saccalasin A; timsTOF; MS2; CE:36.0; [M+H]+
DATE: 2026.06.26
AUTHORS: Charrià-Girón E, Surup F
LICENSE: CC BY
COPYRIGHT: Helmholtz Centre for Infection Research (HZI)
PUBLICATION: doi:10.1007/s11557-018-1413-6
COMMENT: Converted from Bruker MetaboScape .library export
CH$NAME: Saccalasin A
CH$FORMULA: C28H35NO2
CH$EXACT_MASS: 417.2668
CH$SMILES: C
CH$IUPAC: InChI=1S/C28H35NO2/c1-18-9-8-12-23-16-20(3)21(4)26-24(17-22-10-6-5-7-11-22)29-27(31)28(23,26)25(30)14-13-19(2)15-18/h5-8,10-14,16,18-19,21,23-24,26H,9,15,17H2,1-4H3,(H,29,31)/b12-8+,14-13-/t18-,19-,21+,23-,24-,26-,28+/m0/s1
CH$LINK: INCHIKEY IGFYOFOQFNFWGG-HOFBHRKTSA-N
SP$SCIENTIFIC_NAME: Daldinia sacchari
AC$INSTRUMENT: timsTOF Pro, Bruker Daltonics
AC$INSTRUMENT_TYPE: TIMS-TOF
AC$MASS_SPECTROMETRY: MS_TYPE MS2
AC$MASS_SPECTROMETRY: ION_MODE POSITIVE
AC$MASS_SPECTROMETRY: COLLISION_ENERGY 36.0
AC$MASS_SPECTROMETRY: CCS 199.1932830810547
MS$FOCUSED_ION: BASE_PEAK 418.27406
MS$FOCUSED_ION: PRECURSOR_M/Z 418.27406
MS$FOCUSED_ION: PRECURSOR_TYPE [M+H]+
MS$DATA_PROCESSING: Converted with library_to_massbank.py
PK$SPLASH: splash10-0udi-0792100000-f4d9d96ec38004876767
PK$NUM_PEAK: 264
PK$PEAK: m/z int. rel.int.
  115.05426 0.0242195 24
  116.06195 0.014665 15
  117.07028 0.0418842 42
  118.07425 0.0115543 12
  119.08585 0.0633263 63
  120.07814 0.0117765 12
  121.10167 0.0628819 63
  122.02307 0.028108 28
  123.11559 0.0119987 12
  128.06220 0.0132208 13
  129.06836 0.0284413 28
  131.04793 0.00966559 10
  131.08621 0.0295523 30
  133.10049 0.0377736 38
  135.08241 0.0105544 11
  135.11332 0.00577714 6
  141.07024 0.0199978 20
  142.07826 0.0209977 21
  143.08405 0.0261082 26
  144.08264 0.0997667 100
  145.07615 0.0147761 15
  145.10097 0.0735474 73
  146.05940 0.0102211 10
  146.11045 0.0129986 13
  147.11987 0.0511054 51
  148.12153 0.0182202 18
  149.13262 0.0363293 36
  150.53187 0.0105544 11
  154.06441 0.0198867 20
  155.07177 0.00999889 10
  155.08736 0.0114432 11
  156.10196 0.0201089 20
  157.06537 0.0455505 46
  157.10197 0.245306 245
  157.40035 0.00822131 8
  158.06041 0.011221 11
  159.08024 0.0235529 24
  159.11746 0.0617709 62
  160.11820 0.0103322 10
  161.07962 0.017998 18
  161.08557 0.0234418 23
  161.09222 0.0252194 25
  161.13182 0.0692145 69
  162.08971 0.00677702 7
  163.10896 0.00555494 6
  163.14492 0.0105544 11
  167.08441 0.00655483 7
  167.14508 0.0118876 12
  169.10173 0.0227752 23
  170.05559 0.0106655 11
  170.10047 0.0142206 14
  171.06067 0.01011 10
  171.11662 0.121986 122
  171.12378 0.0623264 62
  172.07579 0.314965 315
  172.11652 0.0222198 22
  172.12617 0.0104433 10
  172.20827 0.00555494 6
  173.07148 0.00777691 8
  173.08018 0.0278858 28
  173.09617 0.01011 10
  174.09002 0.0608821 61
  174.12463 0.0124431 12
  175.11005 0.0254416 25
  175.14786 0.0181091 18
  176.10640 0.0226641 23
  177.43450 0.0115543 12
  179.08438 0.011221 11
  183.11756 0.0174425 17
  183.68528 0.00577714 6
  184.07344 0.0205533 21
  185.09565 0.0121098 12
  185.10417 0.0107766 11
  185.13396 0.0215532 22
  186.08748 0.0212199 21
  186.13990 0.00833241 8
  187.09935 0.0118876 12
  187.11242 0.0295523 30
  187.11579 0.0295523 30
  187.14700 0.223309 223
  188.10632 0.00977669 10
  188.14279 0.0252194 25
  188.14923 0.0251083 25
  188.15567 0.0128875 13
  189.11384 0.0086657 9
  189.13057 0.0201089 20
  189.16547 0.0108877 11
  190.07876 0.022553 23
  190.08523 0.00777691 8
  192.08750 0.0102211 10
  195.11712 0.0147761 15
  196.12351 0.00677702 7
  197.09634 0.0209977 21
  197.13062 0.0253305 25
  197.14126 0.0118876 12
  198.12642 0.0119987 12
  199.10300 0.00977669 10
  199.14872 0.0413287 41
  200.06960 1 999
  200.10776 0.0249972 25
  201.07270 0.0813243 81
  201.11216 0.011221 11
  201.16307 0.0107766 11
  202.08596 0.205533 205
  202.16722 0.00977669 10
  203.09118 0.031552 32
  203.17907 0.12643 126
  204.18264 0.0331074 33
  204.33929 0.00511054 5
  205.11144 0.014665 15
  207.11459 0.00655483 7
  210.10130 0.0174425 17
  211.14101 0.0237751 24
  211.14783 0.00744362 7
  212.10355 0.0107766 11
  214.08522 0.0465504 47
  214.12216 0.0231085 23
  214.16566 0.00733252 7
  215.17865 0.00811021 8
  216.10141 0.0257749 26
  216.14804 0.01011 10
  216.18484 0.0116654 12
  217.19630 0.0522164 52
  218.11876 0.0105544 11
  218.15573 0.0103322 10
  218.19732 0.0142206 14
  220.21216 0.00766581 8
  223.14826 0.0119987 12
  224.10801 0.0177758 18
  225.16598 0.038218 38
  226.12319 0.0277747 28
  227.16724 0.0182202 18
  227.17863 0.208532 208
  228.10180 0.0117765 12
  228.13724 0.0136651 14
  228.14906 0.00844351 8
  228.18330 0.0376625 38
  229.16141 0.0092212 9
  229.18745 0.00633263 6
  231.13813 0.00822131 8
  231.15478 0.0127764 13
  232.13087 0.0215532 22
  234.08683 0.0149983 15
  235.14583 0.00999889 10
  237.16501 0.0129986 13
  242.11927 0.0115543 12
  243.11821 0.0242195 24
  243.12619 0.02022 20
  243.17215 0.0174425 17
  243.20846 0.00799911 8
  243.58184 0.00544384 5
  243.59649 0.00677702 7
  244.13633 0.00822131 8
  244.50307 0.00611043 6
  245.13632 0.0211088 21
  245.18596 0.0093323 9
  245.19575 0.00566604 6
  250.12120 0.0363293 36
  251.17639 0.0103322 10
  252.14142 0.0662149 66
  252.14912 0.0109988 11
  253.14115 0.0086657 9
  253.15360 0.00788801 8
  253.19405 0.0255527 26
  254.15548 0.0392179 39
  255.15854 0.00999889 10
  255.20851 0.0208866 21
  257.17139 0.00577714 6
  257.18644 0.013443 13
  257.36207 0.00633263 6
  259.20474 0.0103322 10
  264.14029 0.0214421 21
  264.17186 0.0153316 15
  264.17948 0.00611043 6
  266.15395 0.0311077 31
  267.17271 0.00977669 10
  268.16894 0.0271081 27
  268.18359 0.00799911 8
  270.14680 0.0103322 10
  270.20079 0.012332 12
  271.15371 0.0401067 40
  271.18647 0.0103322 10
  271.20192 0.0107766 11
  274.18534 0.0102211 10
  276.14696 0.00722142 7
  276.17556 0.0118876 12
  278.15421 0.0502166 50
  279.19659 0.00755472 8
  280.16906 0.0772136 77
  281.17078 0.0131097 13
  282.18251 0.0232196 23
  282.19201 0.011221 11
  284.19943 0.0161093 16
  288.13995 0.0177758 18
  290.15401 0.00966559 10
  290.18711 0.0266637 27
  292.16973 0.0456616 46
  293.17179 0.0178869 18
  293.18071 0.0113321 11
  294.18445 0.0412176 41
  294.19051 0.0412176 41
  296.16657 0.0124431 12
  297.20657 0.00833241 8
  298.17589 0.0207755 21
  298.19166 0.0107766 11
  299.22709 0.00999889 10
  301.18930 0.0108877 11
  302.15211 0.0238862 24
  304.17259 0.0218865 22
  305.18638 0.0189979 19
  306.15025 0.0111099 11
  306.18401 0.0141095 14
  306.19951 0.00644373 6
  308.16245 0.0189979 19
  309.20932 0.0576603 58
  310.17849 0.00833241 8
  315.15986 0.0094434 9
  315.21262 0.0119987 12
  318.18330 0.0429952 43
  319.20482 0.008999 9
  322.17499 0.0187757 19
  322.18574 0.032663 33
  322.21616 0.00977669 10
  323.18228 0.031552 32
  327.22292 0.0279969 28
  327.23630 0.0091101 9
  330.18797 0.0554383 55
  331.18412 0.0121098 12
  331.19365 0.0129986 13
  332.19595 0.0228863 23
  333.24257 0.00788801 8
  334.17977 0.0592156 59
  334.21414 0.0125542 13
  335.22148 0.0192201 19
  336.19019 0.0107766 11
  337.19845 0.0162204 16
  344.19655 0.0244417 24
  344.20452 0.0244417 24
  344.22518 0.0113321 11
  345.20680 0.0124431 12
  346.21892 0.00977669 10
  348.19946 0.0397734 40
  349.19402 0.0142206 14
  352.22295 0.0092212 9
  360.23239 0.00822131 8
  361.24845 0.00966559 10
  362.22129 0.0133319 13
  363.21630 0.0136651 14
  363.25803 0.00777691 8
  372.26556 0.0319964 32
  374.28603 0.0189979 19
  374.29581 0.0192201 19
  375.24771 0.00822131 8
  375.27195 0.0117765 12
  375.28748 0.0105544 11
  390.27888 0.122875 123
  391.27400 0.0257749 26
  400.26188 0.178647 178
  401.24482 0.0117765 12
  401.26334 0.0487724 49
  418.27476 0.131874 132
  419.07912 0.01011 10
  419.27252 0.0579936 58
  419.30971 0.00788801 8
//