ACCESSION: MycoMSB-HZI-002185
RECORD_TITLE: Rhodocorane E; timsTOF; MS2; CE:31.46511627906977; [M+H-H2O]+
DATE: 2026.06.26
AUTHORS: Charrià-Girón E, Surup F
LICENSE: CC BY
COPYRIGHT: Helmholtz Centre for Infection Research (HZI)
PUBLICATION: doi:10.1021/acs.orglett.9b01017
SP$SCIENTIFIC_NAME: Rhodotus palmatus
COMMENT: Converted from Bruker MetaboScape .library export
CH$NAME: Rhodocorane E
CH$FORMULA: C15H20O4
CH$EXACT_MASS: 264.1362
CH$SMILES: C[C@@H]1CC[C@@H]([C@]12C(=O)C(=C(C(=O)C2=O)C)O)C(C)C
CH$IUPAC: InChI=1S/C15H20O4/c1-7(2)10-6-5-8(3)15(10)13(18)11(16)9(4)12(17)14(15)19/h7-8,10,16H,5-6H2,1-4H3/t8-,10-,15+/m1/s1
CH$LINK: INCHIKEY BQYFYCLMDKBLPO-FFIJEWMLSA-N
AC$INSTRUMENT: timsTOF Pro, Bruker Daltonics
AC$INSTRUMENT_TYPE: TIMS-TOF
AC$MASS_SPECTROMETRY: MS_TYPE MS2
AC$MASS_SPECTROMETRY: ION_MODE POSITIVE
AC$MASS_SPECTROMETRY: COLLISION_ENERGY 31.46511627906977
AC$MASS_SPECTROMETRY: CCS 138.62908935546875
MS$FOCUSED_ION: BASE_PEAK 247.13287
MS$FOCUSED_ION: PRECURSOR_M/Z 247.13287
MS$FOCUSED_ION: PRECURSOR_TYPE [M+H-H2O]+
MS$DATA_PROCESSING: Converted with library_to_massbank.py
PK$SPLASH: splash10-0007-0940000000-9e476ff4f85062233ba9
PK$NUM_PEAK: 84
PK$PEAK: m/z int. rel.int.
  107.34280 0.00512821 5
  115.05623 0.0849003 85
  121.06382 0.0740741 74
  124.04914 0.00569801 6
  131.04765 0.0735043 73
  133.06445 0.0900285 90
  133.10054 0.0569801 57
  135.07848 0.042735 43
  138.09846 0.0438746 44
  139.03937 0.0415954 42
  147.04456 0.133333 133
  147.99743 0.0153846 15
  149.05926 0.0490028 49
  157.06452 0.0307692 31
  159.08102 0.120798 121
  161.06051 0.183476 183
  162.06523 0.137322 137
  162.07130 0.130484 130
  163.07124 0.119088 119
  163.11445 0.0421652 42
  163.49224 0.00512821 5
  165.05307 0.116809 117
  173.05527 0.119088 119
  173.05958 0.119088 119
  173.14085 0.0507123 51
  175.07479 0.0547009 55
  176.06966 0.0638177 64
  177.05277 0.0279202 28
  177.08815 0.0131054 13
  178.29125 0.0324786 32
  179.07744 0.0757835 76
  183.07877 0.0598291 60
  183.22907 0.0643875 64
  184.08548 0.0490028 49
  186.10504 0.011396 11
  187.07913 0.180627 180
  188.07984 0.0649573 65
  188.93675 0.014245 14
  189.05287 0.0387464 39
  189.06578 0.034188 34
  190.06116 1 999
  190.09310 0.0262108 26
  190.76225 0.0131054 13
  191.06929 0.368661 368
  191.07507 0.368661 368
  191.94368 0.0148148 15
  192.07589 0.100855 101
  192.08456 0.0153846 15
  195.03550 0.00512821 5
  200.07894 0.0387464 39
  201.12559 0.116809 117
  203.06887 0.0911681 91
  204.07244 0.129915 130
  204.07914 0.0820513 82
  205.09042 0.025641 26
  205.10610 0.0205128 20
  214.10064 0.0364672 36
  217.08507 0.109972 110
  219.13778 0.0524217 52
  222.13968 0.00512821 5
  229.11821 0.0962963 96
  231.09667 0.0239316 24
  232.10838 0.104274 104
  247.13207 0.88661 886
  248.13677 0.296296 296
  248.74672 0.0210826 21
  260.28000 0.00512821 5
  332.03428 0.00512821 5
  367.48711 0.00512821 5
  444.24147 0.00569801 6
  480.68478 0.00512821 5
  583.16598 0.00512821 5
  805.92332 0.00512821 5
  835.96822 0.00512821 5
  842.45720 0.00512821 5
  1011.52631 0.00512821 5
  1105.40120 0.00512821 5
  1241.70848 0.00512821 5
  1473.64787 0.00512821 5
  1493.92298 0.00512821 5
  1499.24809 0.00512821 5
  1563.24649 0.00512821 5
  1705.81973 0.00512821 5
  1752.95353 0.00512821 5
//