ACCESSION: MycoMSB-HZI-002127
RECORD_TITLE: Myceliothermophin E; timsTOF; MS2; CE:34.906976744186046; [M+H]+
DATE: 2026.06.26
AUTHORS: Charrià-Girón E, Surup F
LICENSE: CC BY
COPYRIGHT: Helmholtz Centre for Infection Research (HZI)
PUBLICATION: doi:10.1002/chem.200700038
SP$SCIENTIFIC_NAME: Myceliophthora thermophila
COMMENT: Converted from Bruker MetaboScape .library export
CH$NAME: Myceliothermophin E
CH$COMPOUND_CLASS: Amino acids and Peptides / Polyketides
CH$FORMULA: C26H37NO2
CH$EXACT_MASS: 395.2824
CH$SMILES: CC(=C(C)C1(C(C)=CC2(C)CC(C)(CCC2(C1(C(C3=CC(=C(C(C)C)[H])N=C3O)=O)[H])[H])[H])[H])[H]
CH$IUPAC: InChI=1S/C26H37NO2/c1-8-17(5)22-18(6)14-26(7)13-16(4)9-10-21(26)23(22)24(28)20-12-19(11-15(2)3)27-25(20)29/h8,11-12,14-16,21-23H,9-10,13H2,1-7H3,(H,27,29)
CH$LINK: INCHIKEY TXVWNUBEANXHMB-DQNMQBCPSA-N
AC$INSTRUMENT: timsTOF Pro, Bruker Daltonics
AC$INSTRUMENT_TYPE: TIMS-TOF
AC$MASS_SPECTROMETRY: MS_TYPE MS2
AC$MASS_SPECTROMETRY: ION_MODE POSITIVE
AC$MASS_SPECTROMETRY: COLLISION_ENERGY 34.906976744186046
AC$MASS_SPECTROMETRY: CCS 205.53521728515625
MS$FOCUSED_ION: BASE_PEAK 396.28971
MS$FOCUSED_ION: PRECURSOR_M/Z 396.28971
MS$FOCUSED_ION: PRECURSOR_TYPE [M+H]+
MS$DATA_PROCESSING: Converted with library_to_massbank.py
PK$SPLASH: splash10-0udi-0693000000-28af6289177341bc2f8c
PK$NUM_PEAK: 148
PK$PEAK: m/z int. rel.int.
  110.10732 0.0544379 54
  119.08520 0.132544 132
  122.82223 0.0209073 21
  124.07529 0.0544379 54
  127.04969 0.0295858 30
  128.06196 0.0485207 48
  131.08573 0.12426 124
  133.08974 0.0579882 58
  133.10128 0.163314 163
  135.11668 0.0189349 19
  136.07659 0.0840237 84
  137.07652 0.0493097 49
  137.13146 0.0122288 12
  143.08186 0.043787 44
  144.09401 0.0362919 36
  145.10205 0.161341 161
  146.15550 0.0205128 20
  147.11644 0.130572 130
  148.11167 0.033925 34
  149.14334 0.0666667 67
  150.10192 0.0406312 41
  150.14217 0.0216963 22
  151.09819 0.0323471 32
  157.09986 0.0761341 76
  157.10574 0.034714 35
  158.10864 0.0635108 63
  159.06849 0.0236686 24
  159.11387 0.0382643 38
  160.12174 0.0441815 44
  160.46831 0.00907298 9
  161.13081 0.108481 108
  161.13676 0.0284024 28
  163.09851 0.00907298 9
  164.06934 0.287574 287
  164.10889 0.0378698 38
  165.07401 0.18856 188
  165.11032 0.0465483 47
  165.38781 0.0145957 15
  171.11536 0.0859961 86
  173.13061 0.23432 234
  173.13950 0.087574 87
  173.32411 0.0189349 19
  173.34264 0.00788955 8
  174.13230 0.0414201 41
  175.09551 0.0362919 36
  175.14787 0.122288 122
  177.16520 0.0398422 40
  178.12213 0.0579882 58
  180.10236 0.104931 105
  185.13114 0.0343195 34
  187.14785 0.131361 131
  187.75393 0.00986193 10
  188.15116 0.0678501 68
  189.04213 0.0110454 11
  192.10123 0.0863905 86
  192.13730 0.0974359 97
  201.15348 0.0749507 75
  201.16285 1 999
  201.17792 0.0942801 94
  202.12191 0.042998 43
  202.16658 0.178698 179
  202.72948 0.0169625 17
  202.94111 0.00788955 8
  203.17764 0.1357 136
  204.10821 0.0406312 41
  204.13726 0.0745562 74
  204.14396 0.0489152 49
  204.18196 0.0276134 28
  205.14196 0.0544379 54
  206.11769 0.0307692 31
  206.15587 0.042998 43
  211.14922 0.0879684 88
  213.27521 0.0106509 11
  214.12286 0.138462 138
  215.17545 0.133333 133
  215.18262 0.119527 119
  217.13943 0.0433925 43
  217.19506 0.101381 101
  220.16944 0.0544379 54
  225.16439 0.018146 18
  226.12306 0.0453649 45
  226.15599 0.0161736 16
  228.13453 0.123866 124
  228.18589 0.0185404 19
  230.15604 0.0358974 36
  237.15437 0.0370809 37
  240.13503 0.0686391 69
  240.14834 0.0244576 24
  241.14372 0.0599606 60
  241.15536 0.0410256 41
  244.13529 0.0276134 28
  246.14844 0.0240631 24
  249.12934 0.0394477 39
  254.15401 0.0426036 43
  254.18643 0.0374753 37
  255.15997 0.0686391 69
  255.16746 0.0406312 41
  256.17169 0.199211 199
  258.18621 0.127022 127
  260.19834 0.0536489 54
  266.14987 0.0272189 27
  267.15929 0.0828402 83
  268.17119 0.286785 286
  268.47202 0.00788955 8
  269.16960 0.0449704 45
  269.32104 0.0209073 21
  269.81670 0.00946746 9
  270.18168 0.0252465 25
  280.16596 0.0477318 48
  280.17382 0.00946746 9
  281.62095 0.00710059 7
  282.18298 0.17712 177
  282.19086 0.0260355 26
  283.19289 0.0362919 36
  283.93305 0.00788955 8
  284.20085 0.134911 135
  292.17067 0.0142012 14
  294.18601 0.0859961 86
  294.21428 0.0335306 33
  295.90971 0.00986193 10
  296.05772 0.00710059 7
  296.20183 0.0990138 99
  298.17697 0.0315582 32
  298.20939 0.0792899 79
  298.21749 0.0465483 47
  300.19410 0.077712 78
  306.23663 0.042998 43
  308.20166 0.192505 192
  308.23538 0.0224852 22
  309.23857 0.0465483 47
  310.21308 0.0315582 32
  312.19268 0.0714004 71
  322.21527 0.227219 227
  323.22089 0.0804734 80
  326.21434 0.0335306 33
  336.23192 0.0717949 72
  341.12849 0.0110454 11
  341.65160 0.0114398 11
  350.24869 0.05286 53
  351.24984 0.0295858 30
  352.22454 0.0291913 29
  362.25266 0.0248521 25
  368.29746 0.0213018 21
  378.27643 0.468245 468
  378.30072 0.0477318 48
  379.28328 0.116371 116
  396.10871 0.00907298 9
  396.29552 0.0284024 28
//