ACCESSION: MycoMSB-HZI-003153
RECORD_TITLE: Elaeicolaside C; timsTOF; MS2; CE:35.627906976744185; [M+H]+
DATE: 2026.06.26
AUTHORS: Charrià-Girón E, Surup F
LICENSE: CC BY
COPYRIGHT: Helmholtz Centre for Infection Research (HZI)
PUBLICATION: doi:10.1016/j.simyco.2020.01.001
COMMENT: Converted from Bruker MetaboScape .library export
CH$NAME: Elaeicolaside C
CH$FORMULA: C26H40O8
CH$EXACT_MASS: 480.2723
CH$SMILES: C
CH$IUPAC: InChI=1S/C26H42O8/c1-23(11-12-33-22-21(31)20(30)19(29)17(14-27)34-22)9-10-26(32)16(13-23)5-6-18-24(2,15-28)7-4-8-25(18,26)3/h5-6,13,17-22,27-32H,4,7-12,14-15H2,1-3H3/t17-,18+,19-,20+,21+,22+,23-,24+,25+,26-/m1/s1
CH$LINK: INCHIKEY ZYNRBYMEEMYOLK-NZZGPMRASA-N
SP$SCIENTIFIC_NAME: Dematophora bunodes
AC$INSTRUMENT: timsTOF Pro, Bruker Daltonics
AC$INSTRUMENT_TYPE: TIMS-TOF
AC$MASS_SPECTROMETRY: MS_TYPE MS2
AC$MASS_SPECTROMETRY: ION_MODE POSITIVE
AC$MASS_SPECTROMETRY: COLLISION_ENERGY 35.627906976744185
AC$MASS_SPECTROMETRY: CCS 195.56500244140625
MS$FOCUSED_ION: BASE_PEAK 481.27959
MS$FOCUSED_ION: PRECURSOR_M/Z 481.27959
MS$FOCUSED_ION: PRECURSOR_TYPE [M+H]+
MS$DATA_PROCESSING: Converted with library_to_massbank.py
PK$SPLASH: splash10-001i-0268900000-9cb74e172785dd3f14da
PK$NUM_PEAK: 174
PK$PEAK: m/z int. rel.int.
  119.08586 0.0487505 49
  121.10170 0.0303154 30
  125.09492 0.0434248 43
  131.08707 0.0618599 62
  136.08205 0.0413765 41
  137.06186 0.0340025 34
  137.81738 0.0102417 10
  139.11133 0.0483408 48
  145.10029 0.0503892 50
  147.11770 0.0487505 49
  149.13185 0.0385088 38
  157.10301 0.106923 107
  161.13365 0.0684146 68
  168.09025 0.0426055 43
  169.29704 0.00573535 6
  173.78772 0.00860303 9
  175.11410 0.0290864 29
  180.09198 0.0286768 29
  180.11087 0.0376895 38
  187.14569 0.0438345 44
  189.12599 0.0368701 37
  191.10807 0.0442442 44
  193.12378 0.099959 100
  193.13091 0.0442442 44
  194.50065 0.0176157 18
  198.18285 0.00983204 10
  199.14631 0.0421958 42
  201.16234 0.0253994 25
  202.16859 0.0569439 57
  205.12177 0.0442442 44
  209.13563 0.0262188 26
  211.11098 0.0663662 66
  219.11462 0.0380991 38
  222.14201 0.0229414 23
  224.15151 0.0421958 42
  225.16435 0.0262188 26
  226.16535 0.0299058 30
  229.16275 0.0401475 40
  230.20819 0.0499795 50
  231.10380 0.0311348 31
  233.11991 0.0253994 25
  233.13185 0.0442442 44
  234.15518 0.0323638 32
  237.12781 0.0364605 36
  239.17964 0.0426055 43
  243.13662 0.144203 144
  246.13609 0.0421958 42
  246.15572 0.0401475 40
  250.16729 0.0634986 63
  252.18523 0.0438345 44
  253.15990 0.0315444 32
  254.12648 0.0532569 53
  254.16638 0.0299058 30
  254.20330 0.083982 84
  255.21234 0.0225317 23
  255.94754 0.0204834 20
  257.18777 0.0643179 64
  257.19529 0.0380991 38
  261.14883 0.0487505 49
  263.14199 0.0446538 45
  263.18220 0.11061 110
  265.19620 0.0389185 39
  267.17403 0.0491602 49
  269.14894 0.0413765 41
  271.20431 0.0741499 74
  272.21139 0.0417862 42
  273.18779 0.0454732 45
  273.21882 0.0430152 43
  277.16296 0.0331831 33
  277.19421 0.0507989 51
  277.20463 0.0294961 29
  281.18521 0.0426055 43
  285.22586 0.0340025 34
  289.19354 0.0737403 74
  295.20764 0.0331831 33
  297.22137 0.0495698 50
  298.18487 0.0102417 10
  299.16076 0.0376895 38
  299.20287 0.176567 176
  299.23111 0.0290864 29
  299.24193 0.0327735 33
  300.20057 0.0155674 16
  301.19332 0.0315444 32
  301.22261 0.0966817 97
  302.21856 0.0782466 78
  303.19191 0.0204834 20
  305.15066 0.0266284 27
  307.20344 0.0327735 33
  309.18608 0.0397378 40
  309.22459 0.0266284 27
  310.19081 0.0278574 28
  310.22387 0.0340025 34
  310.24040 0.00942237 9
  311.19717 0.0131094 13
  312.11120 0.0368701 37
  313.21755 0.0348218 35
  314.18999 0.0348218 35
  315.19835 0.0782466 78
  315.20837 0.0380991 38
  317.21022 0.195821 196
  318.20921 0.0405571 41
  318.22316 0.0389185 39
  321.22706 0.0278574 28
  323.20260 0.0688243 69
  325.17806 0.0340025 34
  325.21653 0.0917657 92
  325.22883 0.0364605 36
  327.19515 0.0270381 27
  327.22910 0.0217124 22
  328.08702 0.0090127 9
  328.21453 0.0548955 55
  329.21280 0.0397378 40
  330.21542 0.0503892 50
  331.22763 0.193773 194
  331.31068 0.0196641 20
  332.22525 0.0413765 41
  332.23665 0.0323638 32
  335.22850 0.0393281 39
  335.23995 0.0090127 9
  336.20582 0.0340025 34
  337.21615 0.0315444 32
  341.21486 0.0315444 32
  342.21822 0.0340025 34
  343.22333 0.0680049 68
  343.22763 0.0680049 68
  345.23133 0.0249898 25
  345.62962 0.0163867 16
  347.18717 0.0184351 18
  347.22074 0.0733306 73
  350.16933 0.0274478 27
  355.22635 0.0680049 68
  356.13355 0.0368701 37
  359.22236 0.204015 204
  360.22475 0.0258091 26
  361.07433 0.011061 11
  363.22948 0.0311348 31
  364.23483 0.0294961 29
  369.24332 0.0299058 30
  373.21550 0.0401475 40
  373.23958 0.0823433 82
  374.24667 0.0561245 56
  381.23704 0.0540762 54
  381.25111 0.0491602 49
  382.24626 0.0630889 63
  383.22546 0.0704629 70
  385.23500 0.0090127 9
  397.23297 0.0270381 27
  398.24371 0.0385088 38
  399.24635 0.0401475 40
  399.26198 0.0680049 68
  400.25405 0.112659 113
  401.23219 0.12372 124
  402.23989 0.0401475 40
  409.24402 0.0241704 24
  410.24618 0.0487505 49
  415.24579 0.11061 110
  416.25436 0.0249898 25
  417.26446 0.0733306 73
  418.26734 0.0331831 33
  419.24457 0.0643179 64
  427.25213 0.0966817 97
  435.27030 0.200328 200
  435.28287 0.129045 129
  436.23989 0.0385088 38
  445.25772 0.212208 212
  446.25903 0.141745 142
  463.27242 0.134781 135
  464.26857 0.12372 124
  481.03448 0.011061 11
  481.27935 1 999
  481.29913 0.083982 84
  481.96121 0.00737403 7
  482.28085 0.698894 698
  483.87929 0.0159771 16
//