ACCESSION: MycoMSB-HZI-003010
RECORD_TITLE: Aethiopinolone A; timsTOF; MS2; CE:34.04651162790698; [M+H-2H2O]+
DATE: 2026.06.26
AUTHORS: Charrià-Girón E, Surup F
LICENSE: CC BY
COPYRIGHT: Helmholtz Centre for Infection Research (HZI)
PUBLICATION: doi:10.3390/molecules23020369
COMMENT: Converted from Bruker MetaboScape .library export
CH$NAME: Aethiopinolone A
CH$FORMULA: C21H30O5
CH$EXACT_MASS: 362.2093
CH$SMILES: C
CH$IUPAC: InChI=1S/C21H30O5/c1-11(22)18-17(25)9-13-14-10-16(24)15-8-12(23)4-5-20(15,3)21(14,26)7-6-19(13,18)2/h10,12-13,15,17-18,23,25-26H,4-9H2,1-3H3/t12-,13-,15+,17+,18-,19-,20-,21+/m0/s1
CH$LINK: INCHIKEY XRQFYNJEWGIVRD-SVPJLXCXSA-N
SP$SCIENTIFIC_NAME: Fomitiporia aethiopica
AC$INSTRUMENT: timsTOF Pro, Bruker Daltonics
AC$INSTRUMENT_TYPE: TIMS-TOF
AC$MASS_SPECTROMETRY: MS_TYPE MS2
AC$MASS_SPECTROMETRY: ION_MODE POSITIVE
AC$MASS_SPECTROMETRY: COLLISION_ENERGY 34.04651162790698
AC$MASS_SPECTROMETRY: CCS 179.0753936767578
MS$FOCUSED_ION: BASE_PEAK 327.19547
MS$FOCUSED_ION: PRECURSOR_M/Z 327.19547
MS$FOCUSED_ION: PRECURSOR_TYPE [M+H-2H2O]+
MS$DATA_PROCESSING: Converted with library_to_massbank.py
PK$SPLASH: splash10-0uxr-0590000000-1ec19f1776f49824e165
PK$NUM_PEAK: 288
PK$PEAK: m/z int. rel.int.
  109.06485 0.0282229 28
  115.05408 0.0835761 83
  115.06198 0.0267662 27
  119.08368 0.0611799 61
  121.03197 0.0205754 21
  123.08155 0.0659141 66
  128.06472 0.0207575 21
  129.07019 0.0660961 66
  131.04873 0.0214858 21
  131.08623 0.140568 140
  133.06918 0.0187546 19
  133.10347 0.0291333 29
  134.10332 0.0342316 34
  135.07964 0.0207575 21
  137.09602 0.0180262 18
  140.05694 0.0158412 16
  141.06817 0.130554 130
  141.07303 0.130554 130
  141.08996 0.0227604 23
  142.07797 0.0528041 53
  143.08498 0.155317 155
  144.08597 0.0171158 17
  145.10129 0.162418 162
  145.11110 0.0207575 21
  146.10583 0.022032 22
  147.07930 0.0637291 64
  148.08645 0.00655499 7
  151.05354 0.0233066 23
  152.05876 0.0223962 22
  153.07054 0.0697378 70
  154.07627 0.041697 42
  154.08890 0.00600874 6
  155.08504 0.247087 247
  156.09149 0.0617261 62
  157.06030 0.0149308 15
  157.10131 0.18882 189
  157.88271 0.00946832 9
  158.07256 0.0396941 40
  158.10312 0.0322287 32
  159.08102 0.0402403 40
  159.11914 0.0302258 30
  161.09879 0.0205754 21
  161.13384 0.0535324 53
  162.10498 0.0171158 17
  165.06889 0.0866715 87
  166.07977 0.074654 75
  167.08650 0.0418791 42
  168.09095 0.0518937 52
  168.44944 0.0127458 13
  169.10214 0.233795 234
  169.11397 0.00873999 9
  170.10201 0.0189366 19
  170.11425 0.0167516 17
  171.07912 0.131828 132
  171.09408 0.0362345 36
  171.10929 0.0566278 57
  171.11581 0.0518937 52
  173.09613 0.384741 384
  173.96736 0.00837582 8
  174.09736 0.0223962 22
  175.10877 0.0955936 95
  176.08233 0.0183904 18
  178.07789 0.0535324 53
  179.08482 0.149126 149
  180.09144 0.0457028 46
  181.10136 0.223962 224
  181.97177 0.0100146 10
  182.10270 0.0731974 73
  182.11048 0.0852149 85
  183.08177 0.0923161 92
  183.11562 0.174436 174
  184.08377 0.0398762 40
  184.09438 0.0205754 21
  184.12197 0.019665 20
  185.09541 0.0606336 61
  185.13186 0.0478878 48
  186.09696 0.0165696 17
  187.11189 0.134195 134
  187.14832 0.0189366 19
  189.12868 0.0207575 21
  189.13728 0.0167516 17
  190.08286 0.0191187 19
  191.08400 0.0970503 97
  191.10940 0.0327749 33
  192.09136 0.0959578 96
  192.10466 0.0211216 21
  193.10205 0.263656 263
  193.11848 0.00637291 6
  194.07395 0.022032 22
  194.10806 0.141114 141
  195.08298 0.081209 81
  195.11854 0.120357 120
  195.28307 0.00619082 6
  196.08433 0.0731974 73
  196.12503 0.0670066 67
  197.09649 0.147123 147
  197.13107 0.175164 175
  197.14333 0.0143846 14
  198.09645 0.0440641 44
  198.10282 0.0577203 58
  198.13671 0.0444283 44
  198.14612 0.00892207 9
  199.11256 0.197196 197
  199.15146 0.0074654 7
  200.11366 0.0544428 54
  200.11882 0.0544428 54
  200.12835 0.0151129 15
  200.25008 0.00892207 9
  201.08768 0.0176621 18
  201.09655 0.0163875 16
  201.12826 0.100692 101
  201.14535 0.00546249 5
  203.08453 0.0205754 21
  205.10101 0.134377 134
  206.10799 0.0540787 54
  207.07631 0.0355062 35
  207.08307 0.0180262 18
  207.11762 0.254006 254
  208.11814 0.0872178 87
  208.12570 0.0655499 65
  209.09660 0.208485 208
  209.13314 0.177531 177
  209.14106 0.0182083 18
  209.64130 0.00946832 9
  210.10167 0.168245 168
  210.12172 0.0096504 10
  210.13655 0.0345958 35
  211.11172 0.360706 360
  211.12967 0.0209395 21
  211.15013 0.0127458 13
  211.23424 0.00655499 7
  212.08309 0.0216679 22
  212.12027 0.0852149 85
  213.12541 0.0271304 27
  213.13226 0.00946832 9
  213.83392 0.0223962 22
  215.10071 0.0183904 18
  215.10914 0.0409687 41
  216.14582 0.0187546 19
  217.09966 0.0464312 46
  218.10964 0.0775674 77
  219.10180 0.00528041 5
  219.11582 0.0954115 95
  219.12637 0.0304079 30
  219.20832 0.00892207 9
  220.08695 0.0198471 20
  220.12182 0.0797524 80
  221.09524 0.0402403 40
  221.13422 0.109978 110
  222.10233 0.0335033 33
  222.11049 0.0162054 16
  222.13381 0.0120175 12
  223.11440 0.0932265 93
  223.14756 0.174436 174
  224.10817 0.022032 22
  224.11991 0.052622 53
  225.12695 0.201748 202
  225.13970 0.0176621 18
  225.16134 0.0185725 19
  225.17021 0.0149308 15
  225.62816 0.00582666 6
  226.12940 0.0642753 64
  226.13572 0.0642753 64
  226.16654 0.0120175 12
  227.10378 0.0127458 13
  227.13905 0.100146 100
  228.14453 0.0198471 20
  229.09922 0.0269483 27
  230.12876 0.0129279 13
  231.11221 0.0121996 12
  231.43573 0.00564457 6
  232.12397 0.0163875 16
  233.09546 0.0508012 51
  233.13278 0.196103 196
  233.98898 0.00892207 9
  234.10385 0.00509832 5
  234.13373 0.152039 152
  234.13981 0.163875 164
  234.25705 0.0096504 10
  234.34324 0.0103787 10
  235.11089 0.0589949 59
  235.14732 0.0464312 46
  236.11830 0.188274 188
  236.15703 0.0260379 26
  237.12732 0.178259 178
  237.16244 0.0875819 87
  237.16978 0.0782957 78
  238.13090 0.0426074 43
  238.16651 0.0604516 60
  238.17321 0.0604516 60
  239.10122 0.0116533 12
  239.14234 0.0872178 87
  239.17873 0.256737 256
  240.14484 0.0149308 15
  240.18605 0.0167516 17
  241.12757 0.0156591 16
  241.15925 0.0469774 47
  241.73763 0.0074654 7
  242.16100 0.0191187 19
  243.13570 0.0451566 45
  244.14159 0.0142025 14
  245.15695 0.0300437 30
  247.11200 0.0324108 32
  247.14852 0.0386016 39
  248.11973 0.0449745 45
  248.15260 0.0675528 67
  248.16886 0.0167516 17
  249.12719 0.0684632 68
  249.14564 0.01748 17
  249.15551 0.14075 141
  249.16505 0.298252 298
  250.13266 0.0688274 69
  250.16550 0.0355062 35
  250.17382 0.0111071 11
  250.92652 0.00564457 6
  251.14369 1 999
  251.60343 0.0074654 7
  251.75977 0.00910415 9
  251.96581 0.00801165 8
  252.14814 0.308084 308
  252.16200 0.0180262 18
  252.49496 0.00564457 6
  253.12086 0.0316824 32
  253.12918 0.0149308 15
  253.15905 0.0189366 19
  254.16305 0.0103787 10
  255.14155 0.0176621 18
  255.17653 0.0118354 12
  257.15435 0.0156591 16
  257.19700 0.0245812 25
  258.14061 0.0278587 28
  259.14485 0.0169337 17
  260.15559 0.0121996 12
  261.12533 0.0365987 37
  262.12979 0.0185725 19
  263.14126 0.0320466 32
  263.17748 0.0742899 74
  264.18772 0.0160233 16
  265.12418 0.0189366 19
  265.15789 0.114166 114
  265.20060 0.01748 17
  266.12609 0.0151129 15
  266.16657 0.192826 193
  267.12733 0.054807 55
  267.13625 0.0802986 80
  267.17403 0.410051 410
  267.18647 0.0202112 20
  268.10484 0.00819374 8
  268.17419 0.0761107 76
  268.58145 0.00691916 7
  268.65580 0.00582666 6
  269.11493 0.0265841 27
  269.15303 0.334304 334
  270.15597 0.0979607 98
  273.02434 0.0151129 15
  273.16472 0.0582666 58
  274.16536 0.02185 22
  275.14268 0.048252 48
  276.14970 0.137109 137
  277.15722 0.0149308 15
  279.13746 0.0646395 65
  281.05884 0.0160233 16
  281.14856 0.0375091 37
  281.18735 0.0741078 74
  281.19522 0.0172979 17
  283.16858 0.0362345 36
  284.17593 0.137655 138
  285.15148 0.00928623 9
  285.18395 0.102877 103
  285.18984 0.102877 103
  286.19051 0.0209395 21
  286.20109 0.0143846 14
  291.16616 0.0797524 80
  291.17641 0.0773853 77
  292.17781 0.0558995 56
  294.16255 0.117261 117
  295.16438 0.0227604 23
  296.17571 0.00673707 7
  297.15102 0.01311 13
  299.16597 0.0200291 20
  309.18302 0.107611 108
  310.18862 0.0508012 51
  312.18031 0.0154771 15
  313.01830 0.00728332 7
  326.23414 0.0145666 15
  327.19249 0.130371 130
  328.19786 0.0378733 38
  328.20636 0.0123816 12
//