ACCESSION: MycoMSB-HZI-000355
RECORD_TITLE: Fumitremorgin C; timsTOF; MS2; CE:35.3; [M+H]+
DATE: 2026.06.26
AUTHORS: Unknown
LICENSE: CC BY
COPYRIGHT: Helmholtz Centre for Infection Research (HZI)
SP$SCIENTIFIC_NAME: Aspergillus fumigatus
PUBLICATION: doi:10.5281/zenodo.3541160
COMMENT: Converted from Bruker MetaboScape .library export
CH$NAME: Fumitremorgin C
CH$COMPOUND_CLASS: Alkaloids / Amino acids and Peptides
CH$FORMULA: C22H25N3O3
CH$EXACT_MASS: 379.1896
CH$SMILES: CC(C)=CC1(C2=C(CC3(C(N4CCCC4(C(N13)=O)[H])=O)[H])C=5C=CC(=CC5N2)OC)[H]
CH$IUPAC: InChI=1S/C22H25N3O3/c1-12(2)9-18-20-15(14-7-6-13(28-3)10-16(14)23-20)11-19-21(26)24-8-4-5-17(24)22(27)25(18)19/h6-7,9-10,17-19,23H,4-5,8,11H2,1-3H3
CH$LINK: INCHIKEY DBEYVIGIPJSTOR-FHWLQOOXSA-N
AC$INSTRUMENT: timsTOF Pro, Bruker Daltonics
AC$INSTRUMENT_TYPE: timsTOF
AC$MASS_SPECTROMETRY: MS_TYPE MS2
AC$MASS_SPECTROMETRY: ION_MODE POSITIVE
AC$MASS_SPECTROMETRY: COLLISION_ENERGY 35.30232558139535
AC$MASS_SPECTROMETRY: CCS 194.5457763671875
MS$FOCUSED_ION: BASE_PEAK 380.19687
MS$FOCUSED_ION: PRECURSOR_M/Z 380.19687
MS$FOCUSED_ION: PRECURSOR_TYPE [M+H]+
MS$DATA_PROCESSING: Converted with library_to_massbank.py
PK$SPLASH: splash10-03fr-0291000000-6e0d0eaabd99be8e20ab
PK$NUM_PEAK: 113
PK$PEAK: m/z int. rel.int.
  132.04404 0.00595598 6
  147.06927 0.0440465 44
  148.07436 0.00865065 9
  153.06480 0.00521306 5
  154.06568 0.00939357 9
  156.06917 0.0063967 6
  160.07538 0.0416163 42
  161.07694 0.00706407 7
  161.08357 0.00912914 9
  167.07307 0.00849955 8
  168.08030 0.0264682 26
  169.08734 0.0125793 13
  170.06068 0.00712703 7
  173.08275 0.00673668 7
  174.09495 0.00674927 7
  180.08146 0.0151733 15
  181.07984 0.00536416 5
  181.08904 0.0187746 19
  182.06060 0.023421 23
  182.09733 0.00977133 10
  183.06827 0.0151481 15
  183.10438 0.026569 27
  184.06224 0.0106402 11
  184.07576 0.025549 26
  184.10891 0.00805883 8
  184.11425 0.00805883 8
  185.07619 0.00839881 8
  185.08562 0.0137126 14
  186.07749 0.0155762 16
  186.08292 0.0155762 16
  186.09046 0.00745442 7
  187.08697 0.0106654 11
  194.09694 0.0171754 17
  195.10509 0.0261912 26
  196.07672 0.0217966 22
  196.10893 0.010212 10
  197.07201 0.00936839 9
  197.08332 0.139506 139
  198.09029 0.084857 85
  199.08679 0.267755 267
  199.10036 0.0102498 10
  200.07018 0.0114586 11
  200.09013 0.0383676 38
  207.10674 0.00645966 6
  210.09137 0.0451294 45
  211.09052 0.0432155 43
  211.09933 0.154075 154
  212.09173 0.0124408 12
  212.10735 0.953637 953
  212.12539 0.0206508 21
  212.52873 0.00555304 6
  212.53716 0.00557822 6
  213.11144 0.10134 101
  214.12348 0.11611 116
  215.08377 0.0128689 13
  215.12141 0.00907878 9
  215.12755 0.00907878 9
  223.10034 0.0175154 17
  224.09684 0.0135993 14
  224.10678 0.0505566 51
  225.11116 0.0134104 13
  225.11939 0.00520046 5
  226.12328 1 999
  226.14175 0.0264808 26
  226.55869 0.00565377 6
  226.56688 0.0063841 6
  227.08141 0.0574695 57
  227.12753 0.182432 182
  228.08516 0.00860028 9
  228.13770 0.100584 100
  229.14259 0.0165332 17
  238.12186 0.0585021 58
  239.11636 0.0176035 18
  239.12715 0.0132971 13
  240.12385 0.0156769 16
  240.13723 0.0101113 10
  251.09446 0.0137378 14
  252.09837 0.00522565 5
  253.08474 0.00521306 5
  253.13212 0.0126549 13
  254.13732 0.0102876 10
  254.14472 0.00953208 10
  255.07647 0.0178679 18
  255.14888 0.343999 344
  256.15176 0.0472323 47
  266.11787 0.0638159 64
  267.11531 0.0154629 15
  267.12516 0.00629596 6
  268.14321 0.0123401 12
  269.12959 0.00949431 9
  281.12782 0.14045 140
  282.13204 0.0473078 47
  283.13226 0.0142918 14
  283.14040 0.0156518 16
  283.14430 0.0156518 16
  284.13986 0.00911655 9
  294.12208 0.00653521 7
  294.12630 0.00653521 7
  296.13936 0.103254 103
  297.10701 0.0054523 5
  297.14171 0.0228921 23
  311.12687 0.0354463 35
  312.13407 0.0358618 36
  324.13437 0.203876 204
  325.13715 0.0591568 59
  336.13350 0.0162814 16
  337.14181 0.018019 18
  352.20052 0.0185479 19
  353.20425 0.0063841 6
  364.16551 0.0203108 20
  365.17216 0.00956986 10
  380.19766 0.0654528 65
  381.19989 0.0199078 20
//