ACCESSION: MycoMSB-HZI-002225
RECORD_TITLE: Butyrolactone I; timsTOF; MS2; CE:34.81395348837209; [M+H]+
DATE: 2026.06.26
AUTHORS: Charrià-Girón E, Surup F
LICENSE: CC BY
COPYRIGHT: Helmholtz Centre for Infection Research (HZI)
PUBLICATION: doi:10.5281/zenodo.3541270
SP$SCIENTIFIC_NAME: Aspergillus sp. F-25799
COMMENT: Converted from Bruker MetaboScape .library export
CH$NAME: Butyrolactone I
CH$FORMULA: C24H24O7
CH$EXACT_MASS: 424.1522
CH$SMILES: CC(=CCC1=C(C=CC(=C1)C[C@]2(C(=C(C(=O)O2)O)C3=CC=C(C=C3)O)C(=O)OC)O)C
CH$IUPAC: InChI=1S/C24H24O7/c1-14(2)4-6-17-12-15(5-11-19(17)26)13-24(23(29)30-3)20(21(27)22(28)31-24)16-7-9-18(25)10-8-16/h4-5,7-12,25-27H,6,13H2,1-3H3/t24-/m0/s1
CH$LINK: INCHIKEY NGOLMNWQNHWEKU-DEOSSOPVSA-N
AC$INSTRUMENT: timsTOF Pro, Bruker Daltonics
AC$INSTRUMENT_TYPE: TIMS-TOF
AC$MASS_SPECTROMETRY: MS_TYPE MS2
AC$MASS_SPECTROMETRY: ION_MODE POSITIVE
AC$MASS_SPECTROMETRY: COLLISION_ENERGY 34.81395348837209
AC$MASS_SPECTROMETRY: CCS 186.5531005859375
MS$FOCUSED_ION: BASE_PEAK 425.15948
MS$FOCUSED_ION: PRECURSOR_M/Z 425.15948
MS$FOCUSED_ION: PRECURSOR_TYPE [M+H]+
MS$DATA_PROCESSING: Converted with library_to_massbank.py
PK$SPLASH: splash10-0fvi-0596000000-db43d0cc04a5245d5b0e
PK$NUM_PEAK: 261
PK$PEAK: m/z int. rel.int.
  115.05292 0.0156191 16
  116.06012 0.0118326 12
  119.04920 0.0514956 51
  119.08759 0.00899281 9
  121.02828 0.159315 159
  122.03231 0.023476 23
  128.06023 0.0103181 10
  131.04946 0.227092 227
  132.05495 0.0244226 24
  133.02842 0.00747823 7
  133.06455 0.0760129 76
  134.06782 0.00776221 8
  142.07330 0.00596365 6
  145.06643 0.0210148 21
  146.07422 0.00937145 9
  146.10447 0.00889814 9
  147.04234 0.112457 112
  147.08152 0.0250852 25
  149.05741 0.0122113 12
  157.10130 0.096081 96
  157.32145 0.00880348 9
  158.03353 0.0201628 20
  158.10454 0.027641 28
  159.04590 0.0838697 84
  159.08030 0.00814086 8
  159.11384 0.010602 11
  160.03265 0.010886 11
  160.04985 0.0233813 23
  161.05943 0.0613404 61
  161.09902 0.00549034 5
  165.07012 0.0101287 10
  174.85346 0.00899281 9
  175.03878 0.233908 234
  175.04712 0.0322794 32
  175.11218 1 999
  175.12659 0.0109807 11
  176.04357 0.0418402 42
  176.11453 0.136975 137
  177.06948 0.0105074 10
  180.09063 0.0132526 13
  181.06318 0.00814086 8
  185.02328 0.0784741 78
  185.03757 0.0106967 11
  185.09715 0.00956077 10
  186.02404 0.00814086 8
  187.03734 0.11454 114
  188.04346 0.017607 18
  189.05438 0.114256 114
  189.06371 0.0107914 11
  189.09173 0.107819 108
  190.05705 0.0156191 16
  190.09337 0.0281144 28
  190.09959 0.0281144 28
  194.06906 0.0118326 12
  195.07929 0.0127793 13
  197.09538 0.0184589 18
  199.07800 0.0085195 9
  199.11111 0.017891 18
  201.05376 0.02234 22
  201.06041 0.0109807 11
  201.08834 0.0140098 14
  202.09532 0.00624763 6
  203.03396 0.753029 752
  204.03814 0.0418402 42
  207.08159 0.0241386 24
  208.08673 0.0212988 21
  209.05659 0.00795153 8
  209.09730 0.00918213 9
  211.07659 0.010602 11
  215.10938 0.0529156 53
  217.04840 0.217721 218
  217.06496 0.0472359 47
  217.07269 0.00993942 10
  217.95857 0.00586899 6
  218.05175 0.0432601 43
  218.07151 0.00918213 9
  219.07860 0.0361605 36
  220.08367 0.00738357 7
  221.09427 0.0106967 11
  222.06883 0.0145778 15
  222.08620 0.0165657 17
  223.07567 0.0484665 48
  224.07906 0.0187429 19
  224.08608 0.00833018 8
  225.05653 0.00747823 7
  225.09295 0.0185536 19
  227.03436 0.00833018 8
  227.10651 0.0166604 17
  228.10565 0.0100341 10
  231.02796 0.0292503 29
  231.07779 0.00728891 7
  231.09919 0.00691026 7
  233.10573 0.00946611 9
  234.06636 0.0354033 35
  234.07874 0.0124006 12
  235.07774 0.101098 101
  235.11134 0.0331314 33
  236.08164 0.0771488 77
  237.09189 0.198788 199
  237.10146 0.00870882 9
  238.09048 0.0325634 33
  245.11887 0.00709958 7
  246.06754 0.0101287 10
  247.07483 0.137164 137
  247.11639 0.00653162 7
  248.08107 0.0836804 84
  249.08498 0.0198788 20
  249.09346 0.0293449 29
  250.05860 0.0222454 22
  250.06808 0.0202575 20
  250.09140 0.016755 17
  251.06983 0.211568 211
  251.10352 0.011454 11
  252.06889 0.0374858 37
  252.07748 0.0398523 40
  252.10927 0.0160924 16
  253.08338 0.0138205 14
  258.10186 0.00842484 8
  261.08650 0.0407989 41
  261.09283 0.0407989 41
  262.09019 0.0182696 18
  262.09778 0.0103181 10
  263.06859 0.231636 231
  263.10458 0.0391897 39
  263.11084 0.0391897 39
  264.07804 0.153446 153
  264.97990 0.00605831 6
  265.07158 0.0068156 7
  265.08553 0.340875 341
  265.11742 0.00880348 9
  265.47666 0.00709958 7
  266.08841 0.0425028 42
  266.09800 0.0237599 24
  266.10654 0.00709958 7
  267.68069 0.00501704 5
  271.09009 0.00956077 10
  272.11867 0.00615297 6
  273.05613 0.0175123 17
  273.08715 0.00634229 6
  273.12076 0.00700492 7
  274.05958 0.0163764 16
  275.07057 0.161397 161
  275.14343 0.0103181 10
  276.07345 0.0380538 38
  276.11297 0.0244226 24
  277.08682 0.0478039 48
  278.05709 0.0100341 10
  279.06563 0.172662 172
  279.10138 0.0982582 98
  279.14060 0.00624763 6
  280.06490 0.017607 18
  280.07436 0.00766755 8
  280.09387 0.0125899 13
  281.07787 0.0222454 22
  281.09622 0.0162817 16
  281.10409 0.00634229 6
  282.04376 0.0106967 11
  283.09026 0.0104127 10
  285.12832 0.00804619 8
  286.09850 0.00567967 6
  286.13289 0.01117 11
  287.11007 0.0106967 11
  287.13393 0.00795153 8
  289.08274 0.00653162 7
  290.08625 0.0130632 13
  291.06655 0.18014 180
  291.09812 0.0303862 30
  291.10460 0.0303862 30
  291.13745 0.112931 113
  292.07133 0.0738357 74
  292.13901 0.0294396 29
  292.15146 0.0355926 36
  292.34985 0.00539568 5
  292.90909 0.0116433 12
  293.08082 0.425502 425
  293.14845 0.0140098 14
  293.20365 0.0109807 11
  294.08608 0.105074 105
  295.10035 0.0105074 10
  296.10079 0.0118326 12
  296.11694 0.00672094 7
  297.07607 0.0367285 37
  298.07974 0.00795153 8
  299.08974 0.0103181 10
  301.04960 0.0381484 38
  301.08767 0.00870882 9
  301.11210 0.00908747 9
  301.12363 0.0504544 50
  302.04926 0.0130632 13
  302.12756 0.0372965 37
  303.13859 0.0299129 30
  303.14741 0.0212041 21
  304.06705 0.0126846 13
  305.08256 0.00956077 10
  307.05836 0.0133472 13
  307.06658 0.00738357 7
  307.09486 0.163006 163
  307.10669 0.0362552 36
  308.06512 0.00927679 9
  308.09933 0.0275464 28
  308.15298 0.00653162 7
  309.07435 0.144074 144
  310.07645 0.0347406 35
  313.11535 0.00662628 7
  313.12919 0.00870882 9
  314.12921 0.0112647 11
  315.09196 0.00870882 9
  316.10396 0.0159977 16
  318.05598 0.0115487 12
  319.05961 0.118894 119
  319.11692 0.00833018 8
  319.13311 0.634229 634
  319.15604 0.00785687 8
  320.06209 0.0263158 26
  320.11246 0.0101287 10
  320.12086 0.00691026 7
  320.13957 0.585763 585
  320.16013 0.00918213 9
  320.17110 0.00634229 6
  321.14108 0.165846 166
  321.14763 0.165846 166
  321.17402 0.00691026 7
  321.18524 0.00975009 10
  321.31140 0.00747823 7
  322.13734 0.0122113 12
  322.14827 0.0531049 53
  322.15530 0.0531049 53
  325.07030 0.0566073 57
  325.11341 0.00757289 8
  327.07655 0.00653162 7
  329.11087 0.0124006 12
  329.12506 0.0085195 9
  330.11618 0.0180803 18
  330.12471 0.00728891 7
  331.13229 0.163858 164
  331.14276 0.0816925 82
  332.13494 0.045532 45
  332.15136 0.00861416 9
  333.07726 0.0280197 28
  337.06934 0.151931 152
  337.93488 0.00539568 5
  338.07283 0.0843431 84
  347.12840 0.307175 307
  348.12706 0.0759182 76
  348.13524 0.0759182 76
  349.14089 0.074309 74
  350.14325 0.0297236 30
  350.15203 0.0166604 17
  351.08766 0.0155244 16
  351.15964 0.00889814 9
  352.09238 0.00596365 6
  357.11239 0.0457213 46
  358.11433 0.0104127 10
  365.14039 0.0705225 70
  366.14179 0.0490345 49
  369.10046 0.0194055 19
  375.11981 0.0880348 88
  389.13870 0.0296289 30
  393.13136 0.0557554 56
  394.13135 0.0195002 19
  423.06071 0.0102234 10
//