ACCESSION: MycoMSB-HZI-000163
RECORD_TITLE: Minutellin A; timsTOF; MS2; CE:46.2; [M+H]+
DATE: 2026.06.26
AUTHORS: Charrià-Girón E, Surup F
LICENSE: CC BY
COPYRIGHT: Helmholtz Centre for Infection Research (HZI)
SP$SCIENTIFIC_NAME: Jackrogersella minutella
PUBLICATION: doi:10.1016/j.phytochem.2017.02.014
COMMENT: Converted from Bruker MetaboScape .library export
CH$NAME: Minutellin A
CH$COMPOUND_CLASS: Polyketides
CH$FORMULA: C27H30O7
CH$EXACT_MASS: 466.1992
CH$SMILES: C1(C2(C(C=3C(=C1)C=C(OC3)C=4C(=O)CC(CC4C)O)=C(C(O2)=O)C(=O)CCCCCCC)C)=O
CH$IUPAC: InChI=1S/C27H30O7/c1-4-5-6-7-8-9-19(29)24-25-18-14-33-21(23-15(2)10-17(28)13-20(23)30)11-16(18)12-22(31)27(25,3)34-26(24)32/h11-12,14,17,28H,4-10,13H2,1-3H3/t17?,27-/m0/s1
CH$LINK: INCHIKEY QMIVTDDJTVQZLY-LYTHVRBOSA-N
AC$INSTRUMENT: timsTOF Pro, Bruker Daltonics
AC$INSTRUMENT_TYPE: timsTOF
AC$MASS_SPECTROMETRY: MS_TYPE MS2
AC$MASS_SPECTROMETRY: ION_MODE POSITIVE
AC$MASS_SPECTROMETRY: COLLISION_ENERGY 46.2
AC$MASS_SPECTROMETRY: CCS 221.74420166015625
MS$FOCUSED_ION: BASE_PEAK 467.20643
MS$FOCUSED_ION: PRECURSOR_M/Z 467.20643
MS$FOCUSED_ION: PRECURSOR_TYPE [M+H]+
MS$DATA_PROCESSING: Converted with library_to_massbank.py
PK$SPLASH: splash10-0002-0049000000-72c2824d1bf013f95eb1
PK$NUM_PEAK: 100
PK$PEAK: m/z int. rel.int.
  57.06885 0.0129104 13
  107.04972 0.005144 5
  109.02854 0.00690562 7
  109.10097 0.0052404 5
  111.04350 0.0054013 5
  127.11210 0.00507014 5
  135.04373 0.0174159 17
  147.04420 0.00925141 9
  153.05455 0.0345523 35
  197.09965 0.00868194 9
  199.07256 0.0125179 13
  209.09583 0.00534449 5
  211.07558 0.00800285 8
  213.09133 0.0072294 7
  225.09225 0.0189886 19
  227.07068 0.0184849 18
  231.13832 0.0559023 56
  232.14772 0.046297 46
  233.15514 0.00787174 8
  235.07581 0.00835432 8
  237.09182 0.00823234 8
  239.07118 0.00608918 6
  241.08609 0.00680823 7
  243.10194 0.0615188 61
  244.10500 0.00954819 10
  245.15351 0.0146558 15
  251.07202 0.00607258 6
  253.08900 0.0259639 26
  254.08975 0.00820322 8
  255.06284 0.0130237 13
  255.09241 0.00701217 7
  258.09022 0.00811051 8
  259.09675 0.0274613 27
  263.06686 0.00551413 6
  269.08021 0.0119428 12
  270.08824 0.011555 12
  271.09670 0.314209 314
  271.11508 0.00674661 7
  272.10028 0.0473869 47
  273.10753 0.00753751 8
  277.08712 0.00669016 7
  281.08043 0.0115229 12
  284.10405 0.0182285 18
  285.11210 0.0155393 16
  287.16519 0.00563413 6
  295.09070 0.0326778 33
  296.10296 0.00536984 5
  297.07560 0.0646748 65
  297.11208 0.0121786 12
  297.18285 0.00512365 5
  298.08149 0.0200904 20
  298.11991 0.00553554 6
  299.09131 0.105393 105
  300.09575 0.0202885 20
  301.10445 0.0129939 13
  305.08160 0.00600863 6
  313.10748 0.104757 105
  314.11054 0.0226836 23
  323.09174 0.0183175 18
  324.09614 0.00557438 6
  325.18025 0.0123963 12
  326.07778 0.0110982 11
  327.19608 0.0107249 11
  333.18559 0.00590002 6
  335.16991 0.0113615 11
  337.14407 0.00945823 9
  337.18021 0.0100854 10
  339.08516 0.00639441 6
  340.09740 0.0143034 14
  340.16908 0.00558625 6
  341.10218 0.345483 345
  341.12367 0.00715701 7
  342.10530 0.072548 72
  343.10694 0.00723514 7
  351.19489 0.0181982 18
  352.19904 0.00558747 6
  353.06504 0.00753597 8
  353.17468 0.0549802 55
  354.17899 0.0117325 12
  361.18074 0.00767874 8
  368.08922 0.0100968 10
  369.20606 0.0483904 48
  370.20994 0.0114005 11
  379.19012 0.0928415 93
  380.19338 0.025919 26
  381.20228 0.00953268 10
  397.20087 1 999
  397.22431 0.0363277 36
  397.38528 0.00756719 8
  397.79081 0.00733697 7
  398.20421 0.246914 247
  399.20709 0.0308214 31
  411.21651 0.00629732 6
  421.20168 0.0118155 12
  424.18771 0.0180544 18
  425.19511 0.0415805 42
  426.19946 0.00999331 10
  439.21119 0.0217341 22
  440.21492 0.00544938 5
  467.20635 0.0149862 15
//