ACCESSION: MycoMSB-HZI-000753
RECORD_TITLE: 10,11-Dehydrocurvularin; timsTOF; MS2; CE:31.8; [M+H-H2O]+
DATE: 2026.06.26
AUTHORS: Unknown
LICENSE: CC BY
COPYRIGHT: Helmholtz Centre for Infection Research (HZI)
SP$SCIENTIFIC_NAME: Curvularia sp. (strain no. 768)
PUBLICATION: doi:10.1002/ejoc.200800522
COMMENT: Converted from Bruker MetaboScape .library export
CH$NAME: 10,11-Dehydrocurvularin
CH$COMPOUND_CLASS: Polyketides
CH$FORMULA: C16H18O5
CH$EXACT_MASS: 290.1154
CH$SMILES: C[C@H]1CCC/C=C/C(=O)C2=C(CC(=O)O1)C=C(C=C2O)O
CH$IUPAC: InChI=1S/C16H18O5/c1-10-5-3-2-4-6-13(18)16-11(8-15(20)21-10)7-12(17)9-14(16)19/h4,6-7,9-10,17,19H,2-3,5,8H2,1H3/b6-4+/t10-/m0/s1
CH$LINK: INCHIKEY AVIRMQMUBGNCKS-RWCYGVJQSA-N
AC$INSTRUMENT: timsTOF Pro, Bruker Daltonics
AC$INSTRUMENT_TYPE: timsTOF
AC$MASS_SPECTROMETRY: MS_TYPE MS2
AC$MASS_SPECTROMETRY: ION_MODE POSITIVE
AC$MASS_SPECTROMETRY: COLLISION_ENERGY 31.813953488372093
AC$MASS_SPECTROMETRY: CCS 143.58285522460938
MS$FOCUSED_ION: BASE_PEAK 273.11214
MS$FOCUSED_ION: PRECURSOR_M/Z 273.11214
MS$FOCUSED_ION: PRECURSOR_TYPE [M+H-H2O]+
MS$DATA_PROCESSING: Converted with library_to_massbank.py
PK$SPLASH: splash10-000e-0920000000-8f50bf739dbbbbc64796
PK$NUM_PEAK: 106
PK$PEAK: m/z int. rel.int.
  104.72548 0.00635145 6
  111.09439 0.00635145 6
  112.96024 0.00635145 6
  115.05126 0.0832745 83
  119.04836 0.0762174 76
  121.06218 0.0733945 73
  131.04955 0.0550459 55
  131.52450 0.0211715 21
  132.05424 0.0501059 50
  133.06817 0.175723 176
  135.04506 0.141849 142
  141.07207 0.102329 102
  143.05104 0.1482 148
  143.08196 0.0684545 68
  147.04576 0.0494001 49
  147.07611 0.110092 110
  149.06111 0.251235 251
  149.25236 0.047283 47
  150.03306 0.0741002 74
  151.03793 0.227241 227
  153.05234 0.0875088 87
  157.06269 0.136203 136
  159.04287 0.067043 67
  159.10009 0.0818631 82
  161.05794 0.414961 415
  162.06742 0.052223 52
  162.39616 0.00635145 6
  163.03466 0.00635145 6
  163.07061 0.0910374 91
  166.05845 0.0868031 87
  167.08401 0.0818631 82
  170.07150 0.0663373 66
  173.05665 0.0741002 74
  174.07261 0.115032 115
  175.03669 0.122795 123
  175.04393 0.0550459 55
  175.07291 0.0755116 75
  176.04672 0.238532 238
  176.08230 0.0663373 66
  176.65773 0.0204658 20
  177.05232 0.232181 232
  177.18620 0.0204658 20
  177.78846 0.0331687 33
  181.09912 0.0599859 60
  182.06872 0.0903317 90
  184.08784 0.0769231 77
  185.05982 0.121383 121
  187.07494 0.13338 133
  187.10959 0.052223 52
  189.04670 0.281581 281
  189.05342 0.323218 323
  190.06619 0.149612 149
  191.06862 0.125618 125
  193.04753 1 999
  194.17388 0.0261115 26
  197.06172 0.0508116 51
  198.05989 0.190543 190
  198.06785 0.254058 254
  199.07382 0.256175 256
  199.11134 0.0656316 66
  201.05399 0.0825688 82
  203.06849 0.0642202 64
  204.07279 0.0529287 53
  205.05059 0.254764 255
  209.09591 0.242061 242
  209.76762 0.00635145 6
  210.09625 0.0797459 80
  212.08709 0.0733945 73
  213.09060 0.00635145 6
  216.35684 0.00635145 6
  217.48802 0.00635145 6
  225.08736 0.0938603 94
  226.06060 0.0797459 80
  227.07005 0.0564573 56
  227.10536 0.275229 275
  231.06149 0.042343 42
  237.08978 0.136909 137
  240.07850 0.0430487 43
  245.11488 0.265349 265
  246.11701 0.0628088 63
  265.24523 0.00635145 6
  273.10929 0.094566 94
  331.26312 0.00635145 6
  424.93280 0.00635145 6
  491.14712 0.00635145 6
  518.74379 0.00635145 6
  587.68612 0.00635145 6
  601.42043 0.00635145 6
  615.77132 0.00635145 6
  644.12692 0.00635145 6
  658.30927 0.00635145 6
  678.25211 0.00635145 6
  829.91169 0.00635145 6
  855.85093 0.00635145 6
  895.56910 0.00635145 6
  954.42975 0.00635145 6
  994.84737 0.00705716 7
  1118.91445 0.00635145 6
  1213.85726 0.00635145 6
  1236.71674 0.00635145 6
  1242.18513 0.00635145 6
  1335.45503 0.00635145 6
  1345.64927 0.00635145 6
  1727.49492 0.00635145 6
  1741.42938 0.00635145 6
  1758.44895 0.00635145 6
//