ACCESSION: MycoMSB-HZI-002220
RECORD_TITLE: Butyrolactone I; timsTOF; MS2; CE:34.25581395348837; [M+H-2H2O]+
DATE: 2026.06.26
AUTHORS: Charrià-Girón E, Surup F
LICENSE: CC BY
COPYRIGHT: Helmholtz Centre for Infection Research (HZI)
PUBLICATION: doi:10.5281/zenodo.3541270
SP$SCIENTIFIC_NAME: Aspergillus sp. F-25799
COMMENT: Converted from Bruker MetaboScape .library export
CH$NAME: Butyrolactone I
CH$FORMULA: C24H24O7
CH$EXACT_MASS: 424.1522
CH$SMILES: CC(=CCC1=C(C=CC(=C1)C[C@]2(C(=C(C(=O)O2)O)C3=CC=C(C=C3)O)C(=O)OC)O)C
CH$IUPAC: InChI=1S/C24H24O7/c1-14(2)4-6-17-12-15(5-11-19(17)26)13-24(23(29)30-3)20(21(27)22(28)31-24)16-7-9-18(25)10-8-16/h4-5,7-12,25-27H,6,13H2,1-3H3/t24-/m0/s1
CH$LINK: INCHIKEY NGOLMNWQNHWEKU-DEOSSOPVSA-N
AC$INSTRUMENT: timsTOF Pro, Bruker Daltonics
AC$INSTRUMENT_TYPE: TIMS-TOF
AC$MASS_SPECTROMETRY: MS_TYPE MS2
AC$MASS_SPECTROMETRY: ION_MODE POSITIVE
AC$MASS_SPECTROMETRY: COLLISION_ENERGY 34.25581395348837
AC$MASS_SPECTROMETRY: CCS 178.5251922607422
MS$FOCUSED_ION: BASE_PEAK 389.13835
MS$FOCUSED_ION: PRECURSOR_M/Z 389.13835
MS$FOCUSED_ION: PRECURSOR_TYPE [M+H-2H2O]+
MS$DATA_PROCESSING: Converted with library_to_massbank.py
PK$SPLASH: splash10-053i-0049000000-314dd522535648bac523
PK$NUM_PEAK: 109
PK$PEAK: m/z int. rel.int.
  205.09725 0.0184727 18
  217.34011 0.00723672 7
  219.07676 0.0497048 50
  219.08123 0.0497048 50
  219.08929 0.0180918 18
  227.08857 0.0171396 17
  233.05941 0.0375167 37
  233.09468 0.0219006 22
  234.06678 0.0161874 16
  235.07537 0.0152352 15
  244.05228 0.0194249 19
  246.05773 0.114454 114
  246.06535 0.127404 127
  247.07459 0.066654 67
  249.09295 0.0253285 25
  255.08258 0.0133308 13
  259.07530 0.009522 10
  261.09319 0.09522 95
  262.06486 0.00971244 10
  262.09421 0.0834127 83
  263.07797 0.0293277 29
  271.07207 0.0137117 14
  273.04620 0.130451 130
  273.05445 0.19901 199
  273.12334 0.015997 16
  274.06278 0.114264 114
  275.06791 0.307941 308
  276.07049 0.0439916 44
  277.06420 0.015997 16
  277.08745 0.0712245 71
  278.09100 0.0289469 29
  284.08333 0.0211388 21
  284.11760 0.0114264 11
  287.06985 0.0399924 40
  287.10477 0.0352314 35
  288.07366 0.0375167 37
  288.08299 0.0384689 38
  289.04648 0.0323748 32
  289.08362 0.252714 252
  290.09357 0.0516092 52
  291.05948 0.0146639 15
  297.09214 0.0144734 14
  298.09595 0.0110455 11
  300.07883 0.0348505 35
  301.04903 0.0900781 90
  301.08315 0.0432299 43
  302.04654 0.0354218 35
  302.05693 0.0516092 52
  302.09004 0.0127595 13
  302.13082 0.0293277 29
  303.05868 0.0150448 15
  303.06957 0.020758 21
  303.10225 0.0224719 22
  303.12676 0.0194249 19
  305.08026 0.417063 417
  305.10169 0.0104742 10
  306.08486 0.0733194 73
  306.78706 0.00971244 10
  311.09870 0.0455151 45
  311.10419 0.0455151 45
  312.11971 0.0243763 24
  314.05437 0.0169492 17
  314.09514 0.0201866 20
  315.10004 0.0540849 54
  315.11417 0.009522 10
  316.10826 0.0323748 32
  317.08036 0.0144734 14
  318.04902 0.0439916 44
  318.05937 0.0525614 53
  318.13409 0.00628452 6
  319.06383 0.0203771 20
  319.08339 0.0213293 21
  319.09736 0.00895068 9
  320.05929 0.0137117 14
  321.07592 0.0236145 24
  322.07450 0.00742716 7
  329.11822 0.103028 103
  330.12233 0.0862693 86
  332.81021 0.00590364 6
  333.06423 0.264902 265
  333.07515 0.750143 749
  333.08622 0.161112 161
  334.07314 0.168539 168
  334.08186 0.173491 173
  334.09271 0.0106646 11
  334.62758 0.00723672 7
  335.08842 0.0199962 20
  339.09758 0.0133308 13
  345.14730 0.0279947 28
  345.15602 0.0148543 15
  347.09027 0.0460865 46
  347.09598 0.0460865 46
  348.09445 0.0297086 30
  348.10320 0.0196153 20
  357.11209 0.573986 573
  358.11203 0.103599 103
  358.44297 0.0066654 7
  359.12147 0.0239954 24
  359.83918 0.00685584 7
  361.14593 0.0085698 9
  372.95897 0.00971244 10
  374.11079 0.0108551 11
  389.13677 1 999
  389.15658 0.0293277 29
  390.14047 0.171396 171
  390.16599 0.0224719 22
  391.14632 0.0137117 14
  391.23295 0.00914112 9
  391.33196 0.00647496 6
//