ACCESSION: MycoMSB-HZI-000160
RECORD_TITLE: Rickiol A; timsTOF; MS2; CE:46.2; [M+H]+
DATE: 2026.06.26
AUTHORS: Unknown
LICENSE: CC BY
COPYRIGHT: Helmholtz Centre for Infection Research (HZI)
SP$SCIENTIFIC_NAME: Hypoxylon rickii
PUBLICATION: doi:10.1002/chem.201704928
COMMENT: Converted from Bruker MetaboScape .library export
CH$NAME: Rickiol A
CH$COMPOUND_CLASS: Polyketides
CH$FORMULA: C24H44O6
CH$EXACT_MASS: 428.3138
CH$SMILES: C1CCCCCCCCCCC(OC(C=CC(O)CC(O)C1)=O)CC(CC(C)O)O
CH$IUPAC: InChI=1S/C24H44O6/c1-19(25)16-22(28)18-23-13-11-9-7-5-3-2-4-6-8-10-12-20(26)17-21(27)14-15-24(29)30-23/h14-15,19-23,25-28H,2-13,16-18H2,1H3
CH$LINK: INCHIKEY ZPZBRVXCZBYHPI-UHFFFAOYSA-N
AC$INSTRUMENT: timsTOF Pro, Bruker Daltonics
AC$INSTRUMENT_TYPE: timsTOF
AC$MASS_SPECTROMETRY: MS_TYPE MS2
AC$MASS_SPECTROMETRY: ION_MODE POSITIVE
AC$MASS_SPECTROMETRY: COLLISION_ENERGY 46.2
AC$MASS_SPECTROMETRY: CCS 213.53981018066406
MS$FOCUSED_ION: BASE_PEAK 429.32107
MS$FOCUSED_ION: PRECURSOR_M/Z 429.32107
MS$FOCUSED_ION: PRECURSOR_TYPE [M+H]+
MS$DATA_PROCESSING: Converted with library_to_massbank.py
PK$SPLASH: splash10-0532-6900000000-2ef4f962ebcd49704e31
PK$NUM_PEAK: 97
PK$PEAK: m/z int. rel.int.
  55.05280 0.126084 126
  56.05633 0.0117995 12
  67.05360 0.246194 246
  69.06860 0.0956133 96
  70.07155 0.0242334 24
  71.04868 0.0243498 24
  73.02761 0.0582698 58
  77.03752 0.0219965 22
  79.05330 0.259778 260
  81.03229 0.086244 86
  81.07492 0.590306 590
  82.07194 0.0427096 43
  83.04947 0.0559876 56
  83.08472 0.117853 118
  85.06397 0.0363941 36
  91.05404 0.162222 162
  93.06995 0.263695 263
  95.04887 0.0657208 66
  95.08532 1 999
  96.08882 0.0521974 52
  97.10096 0.116527 116
  99.04344 0.28287 283
  99.07993 0.017303 17
  100.04781 0.0191284 19
  101.02406 0.0373364 37
  105.06934 0.201078 201
  106.07539 0.0147264 15
  107.05204 0.113625 114
  107.09054 0.372693 372
  108.08945 0.0765461 76
  109.06432 0.0371112 37
  109.10181 0.66254 662
  110.10325 0.0692617 69
  111.04429 0.0687411 69
  111.07898 0.0252645 25
  111.11421 0.0238265 24
  117.06862 0.059164 59
  119.08515 0.183792 184
  120.08657 0.0266311 27
  121.06317 0.0248137 25
  121.10048 0.48103 481
  122.10343 0.0774374 77
  123.08044 0.0295051 29
  123.11667 0.171145 171
  124.11973 0.0228997 23
  125.09682 0.0118289 12
  131.08532 0.121829 122
  133.06412 0.0685247 68
  133.09834 0.272151 272
  134.10668 0.0350767 35
  135.07925 0.0395767 40
  135.12404 0.454857 454
  136.11880 0.0437373 44
  137.05977 0.0138091 14
  137.09641 0.0237877 24
  137.13156 0.0378722 38
  139.07569 0.0209969 21
  139.11228 0.0247819 25
  145.10078 0.101193 101
  147.08017 0.0564934 56
  147.11636 0.170843 171
  148.11988 0.0365831 37
  149.09875 0.0270882 27
  149.13156 0.12849 128
  153.09040 0.0179107 18
  157.09965 0.028665 29
  159.11666 0.0370818 37
  160.11899 0.0149722 15
  161.13148 0.0720126 72
  162.13619 0.017048 17
  163.14866 0.101165 101
  171.12267 0.0145674 15
  173.12966 0.104989 105
  175.11372 0.0172688 17
  175.14930 0.0371576 37
  177.16454 0.0220848 22
  185.13191 0.0695418 69
  187.14789 0.0786517 79
  189.12702 0.0138204 14
  189.16180 0.0579892 58
  191.17948 0.0260889 26
  199.14742 0.020046 20
  201.12737 0.0202757 20
  201.16386 0.0369666 37
  202.13139 0.0141051 14
  203.17881 0.0263459 26
  211.14892 0.0145945 15
  221.18987 0.0107978 11
  229.16049 0.0121772 12
  229.19666 0.037695 38
  245.22694 0.010873 11
  261.22348 0.0262688 26
  277.25281 0.0497607 50
  285.25882 0.0141256 14
  287.24080 0.0247938 25
  289.21772 0.0222992 22
  297.21999 0.0102698 10
//