ACCESSION: MycoMSB-HZI-000288
RECORD_TITLE: Verruculogen; timsTOF; MS2; CE:37.372093023255815; [M+H-H2O]+
DATE: 2026.06.26
AUTHORS: Unknown
LICENSE: CC BY
COPYRIGHT: Helmholtz Centre for Infection Research (HZI)
SP$SCIENTIFIC_NAME: Penicillium verruculosum
PUBLICATION: doi:10.1021/ja00828a054
COMMENT: Converted from Bruker MetaboScape .library export
CH$NAME: Verruculogen
CH$FORMULA: C27H33N3O7
CH$EXACT_MASS: 511.2319
CH$SMILES: CC(=C[C@@H]1N2C3=C(C=CC(=C3)OC)C4=C2[C@H](CC(OO1)(C)C)N5C(=O)[C@@H]6CCCN6C(=O)[C@@]5([C@H]4O)O)C
CH$IUPAC: InChI=1S/C27H33N3O7/c1-14(2)11-20-29-18-12-15(35-5)8-9-16(18)21-22(29)19(13-26(3,4)37-36-20)30-24(32)17-7-6-10-28(17)25(33)27(30,34)23(21)31/h8-9,11-12,17,19-20,23,31,34H,6-7,10,13H2,1-5H3/t17-,19-,20+,23-,27+/m0/s1
CH$LINK: INCHIKEY LRXYHMMJJCTUMY-GWXUGYLUSA-N
AC$INSTRUMENT: timsTOF Pro, Bruker Daltonics
AC$INSTRUMENT_TYPE: timsTOF
AC$MASS_SPECTROMETRY: MS_TYPE MS2
AC$MASS_SPECTROMETRY: ION_MODE POSITIVE
AC$MASS_SPECTROMETRY: COLLISION_ENERGY 37.372093023255815
AC$MASS_SPECTROMETRY: CCS 221.89389038085938
MS$FOCUSED_ION: BASE_PEAK 494.22856
MS$FOCUSED_ION: PRECURSOR_M/Z 494.22856
MS$FOCUSED_ION: PRECURSOR_TYPE [M+H-H2O]+
MS$DATA_PROCESSING: Converted with library_to_massbank.py
PK$SPLASH: splash10-0bvj-0192000000-410739502389989ecbf5
PK$NUM_PEAK: 203
PK$PEAK: m/z int. rel.int.
  120.04529 0.00601046 6
  125.07158 0.0112162 11
  141.05830 0.00588472 6
  141.06541 0.0124233 12
  147.06857 0.0100845 10
  156.06799 0.0152651 15
  156.07548 0.0101348 10
  157.05043 0.00902827 9
  158.05842 0.0183332 18
  160.07695 0.0149884 15
  167.07162 0.00528116 5
  168.06884 0.0221809 22
  169.05231 0.00724273 7
  172.07715 0.00953123 10
  174.05442 0.0132029 13
  177.10524 0.0121718 12
  183.05813 0.00887738 9
  184.06394 0.0547732 55
  184.07651 0.0942058 94
  185.04928 0.00573383 6
  185.07125 0.0541696 54
  185.08345 0.0139825 14
  188.07099 0.00575898 6
  189.07914 0.007796 8
  190.08690 0.00968212 10
  193.10102 0.00500453 5
  195.06582 0.0107887 11
  195.07058 0.0107887 11
  196.06602 0.0076954 8
  197.07171 0.086108 86
  197.08505 0.0393069 39
  198.07646 0.033397 33
  198.08123 0.033397 33
  198.09155 0.0309577 31
  199.08746 0.593099 593
  199.10231 0.0158686 16
  200.06192 0.0181571 18
  200.07088 0.11098 111
  200.09029 0.065939 66
  200.10563 0.0322905 32
  201.06639 0.0109395 11
  201.07732 0.00686551 7
  202.05167 0.0100091 10
  209.07203 0.0791168 79
  210.05443 0.0129514 13
  210.07863 0.0165476 17
  210.09216 0.1144 114
  211.07518 0.0124987 12
  211.08630 0.0957399 96
  211.09804 0.0228096 23
  212.05807 0.0180565 18
  212.06978 0.0404134 40
  212.09236 0.0202696 20
  212.10945 0.0223569 22
  213.06669 0.319887 320
  213.07515 0.00631224 6
  214.07001 0.0483603 48
  214.08725 0.0204205 20
  216.10539 0.00631224 6
  224.07676 0.00666432 7
  224.09574 0.0118197 12
  224.10800 0.016095 16
  225.06628 0.0308319 31
  225.07800 0.0120461 12
  225.10343 0.0149884 15
  226.08569 0.0148878 15
  226.09491 0.00651343 7
  227.08214 1 999
  227.09827 0.0189116 19
  228.06615 0.0297505 30
  228.08541 0.143622 143
  228.09452 0.0394829 39
  229.06119 0.140202 140
  229.08348 0.00628709 6
  230.06305 0.0235892 24
  235.08774 0.056106 56
  236.09333 0.016774 17
  237.06631 0.0133035 13
  237.10317 0.0118197 12
  238.07450 0.0164219 16
  238.07843 0.0164219 16
  238.08899 0.00741877 7
  238.10815 0.00948094 9
  239.08140 0.0260286 26
  239.12030 0.0353335 35
  240.05527 0.00616135 6
  240.10239 0.33304 333
  241.06153 0.121944 122
  241.10656 0.057464 57
  242.06594 0.0210995 21
  242.11769 0.0629464 63
  243.12001 0.012197 12
  247.11023 0.0151393 15
  248.09702 0.00671462 7
  249.10616 0.00608591 6
  250.09368 0.00560809 6
  251.11754 0.0196409 20
  252.09059 0.0551252 55
  252.10451 0.00978272 10
  253.09695 0.0695604 69
  254.10236 0.012197 12
  255.07661 0.974877 974
  255.09644 0.0093552 9
  256.07994 0.17126 171
  256.09905 0.00729303 7
  257.05709 0.0119203 12
  257.08406 0.00892767 9
  257.13266 0.026607 27
  258.13168 0.015768 16
  258.13743 0.015768 16
  263.08402 0.022206 22
  263.10343 0.00676491 7
  263.11166 0.00608591 6
  264.08904 0.0156926 16
  264.10717 0.00626195 6
  266.12801 0.0117946 12
  267.11294 0.202897 203
  267.12779 0.00940549 9
  267.13437 0.00940549 9
  268.09747 0.014913 15
  268.11752 0.0627703 63
  270.10133 0.0134041 13
  271.11067 0.00510512 5
  275.12008 0.00583442 6
  277.09785 0.0093552 9
  277.12328 0.0105623 11
  278.08173 0.0139825 14
  278.12722 0.0158938 16
  278.13137 0.0158938 16
  279.11531 0.0120964 12
  280.08678 0.0176542 18
  280.14761 0.0114677 11
  281.08889 0.0132783 13
  281.12759 0.00628709 6
  283.07448 0.0101096 10
  283.10733 0.00784629 8
  285.12455 0.154109 154
  286.12630 0.028468 28
  291.07665 0.0408158 41
  291.08451 0.0254502 25
  293.11701 0.00510512 5
  294.09513 0.00510512 5
  294.12515 0.0390554 39
  295.10791 0.171663 171
  295.12917 0.0115934 12
  296.11093 0.0285434 29
  296.12156 0.0077457 8
  296.12997 0.0126496 13
  296.13860 0.0166734 17
  297.11026 0.00673976 7
  304.13404 0.00648828 6
  305.12666 0.00993361 10
  306.12402 0.085429 85
  306.13665 0.00555779 6
  307.11840 0.0159441 16
  307.12721 0.021527 22
  307.13397 0.021527 22
  308.13474 0.00824867 8
  308.14190 0.00628709 6
  309.11160 0.02457 25
  309.11903 0.0216025 22
  310.11874 0.277135 277
  311.12176 0.051529 51
  313.11850 0.0712453 71
  314.12023 0.0338246 34
  314.12883 0.0307565 31
  320.10686 0.00694095 7
  322.12107 0.0198672 20
  322.15690 0.00912886 9
  324.13372 0.0482597 48
  325.13217 0.0158183 16
  325.14201 0.0144352 14
  326.11371 0.0132029 13
  332.11546 0.00960668 10
  332.13786 0.0153154 15
  333.13576 0.00518057 5
  333.14533 0.00633739 6
  334.12083 0.0133286 13
  335.11807 0.0061362 6
  335.12652 0.00754451 8
  337.10486 0.00573383 6
  338.11553 0.032039 32
  347.13586 0.00550749 6
  347.14355 0.00550749 6
  349.14064 0.0125239 13
  350.15160 0.0179559 18
  351.15366 0.00513027 5
  352.13036 0.367015 367
  352.13984 0.00603561 6
  353.13290 0.103888 104
  354.11162 0.0201187 20
  354.13781 0.00724273 7
  355.11229 0.0053566 5
  360.13598 0.0156926 16
  361.14386 0.0107887 11
  364.16584 0.0210995 21
  365.16879 0.00741877 7
  376.16653 0.00528116 5
  378.13571 0.00598531 6
  380.15850 0.00631224 6
  382.17839 0.00943064 9
  392.16287 0.0314355 31
  393.16672 0.00933005 9
//