ACCESSION: MycoMSB-HZI-000597
RECORD_TITLE: Dicerandrol B; timsTOF; MS2; CE:38.4; [M+H]+
DATE: 2026.06.26
AUTHORS: Unknown
LICENSE: CC BY
COPYRIGHT: Helmholtz Centre for Infection Research (HZI)
SP$SCIENTIFIC_NAME: Penicillium sp. CR1642D
PUBLICATION: doi:10.1021/np010020u
COMMENT: Converted from Bruker MetaboScape .library export
CH$NAME: Dicerandrol B
CH$COMPOUND_CLASS: Polyketides
CH$FORMULA: C36H36O15
CH$EXACT_MASS: 708.2054
CH$SMILES: C[C@@H]1CC(=O)C2=C(C3=C(C=CC(=C3O)C4=C(C5=C(C=C4)O[C@@]6([C@@H]([C@@H](CC(=O)C6=C5O)C)OC(=O)C)COC(=O)C)O)O[C@@]2([C@@H]1OC(=O)C)CO)O
CH$IUPAC: InChI=1S/C36H36O15/c1-14-10-21(41)27-31(45)25-23(50-35(27,12-37)33(14)48-17(4)39)8-6-19(29(25)43)20-7-9-24-26(30(20)44)32(46)28-22(42)11-15(2)34(49-18(5)40)36(28,51-24)13-47-16(3)38/h6-9,14-15,33-34,37,41-44H,10-13H2,1-5H3/t14-,15-,33-,34-,35+,36+/m1/s1
CH$LINK: INCHIKEY ZPEWXLLVRGMQRM-NKSNWBLISA-N
AC$INSTRUMENT: timsTOF Pro, Bruker Daltonics
AC$INSTRUMENT_TYPE: timsTOF
AC$MASS_SPECTROMETRY: MS_TYPE MS2
AC$MASS_SPECTROMETRY: ION_MODE POSITIVE
AC$MASS_SPECTROMETRY: COLLISION_ENERGY 38.395348837209305
AC$MASS_SPECTROMETRY: CCS 226.52590942382812
MS$FOCUSED_ION: BASE_PEAK 709.21270
MS$FOCUSED_ION: PRECURSOR_M/Z 709.21270
MS$FOCUSED_ION: PRECURSOR_TYPE [M+H]+
MS$DATA_PROCESSING: Converted with library_to_massbank.py
PK$SPLASH: splash10-03ei-0000292000-d08c1f7bbf49f7295158
PK$NUM_PEAK: 117
PK$PEAK: m/z int. rel.int.
  119.05260 0.0382345 38
  165.05118 0.0563456 56
  189.05909 0.00831768 8
  190.37334 0.00845184 8
  211.07853 0.0115374 12
  233.04806 0.0148913 15
  257.07468 0.0169037 17
  292.07132 0.0147572 15
  305.07389 0.0202576 20
  347.09389 0.034344 34
  349.06346 0.036088 36
  349.07223 0.0221358 22
  365.09899 0.067883 68
  366.10567 0.0132815 13
  373.06841 0.0262946 26
  373.10638 0.00912262 9
  375.08197 0.0116716 12
  383.11611 0.0147572 15
  389.06845 0.018916 19
  391.07886 0.0248189 25
  403.07443 0.0127448 13
  403.09327 0.0122082 12
  404.08523 0.0265629 27
  407.11365 0.0107325 11
  409.09493 0.0119399 12
  425.12802 0.0097934 10
  433.09898 0.0126107 13
  437.13839 0.0105983 11
  438.14298 0.00818353 8
  439.16076 0.0269654 27
  441.12755 0.00845184 8
  445.09192 0.0118057 12
  446.08909 0.0150255 15
  455.14614 0.0311242 31
  456.14888 0.0148913 15
  457.14832 0.00831768 8
  465.13260 0.00858599 9
  466.13336 0.0173061 17
  467.13928 0.0201234 20
  468.15213 0.0165012 16
  469.12821 0.120338 120
  470.12905 0.0411859 41
  470.70876 0.00697612 7
  471.18060 0.00523209 5
  473.08467 0.0537966 54
  474.09493 0.0203917 20
  483.14135 0.134559 134
  483.17373 0.0108666 11
  484.14659 0.0492353 49
  485.14775 0.0195868 20
  488.13759 0.00845184 8
  489.14032 0.00939093 9
  491.09688 0.00845184 8
  493.12117 0.0629192 63
  494.12429 0.0370271 37
  499.13134 0.024014 24
  499.14252 0.0260263 26
  510.76767 0.00630534 6
  510.95505 0.0055004 5
  511.13823 1 999
  511.16471 0.0371613 37
  511.35114 0.00845184 8
  512.14109 0.387175 387
  512.34202 0.00617118 6
  512.81207 0.0076469 8
  513.14065 0.0657365 66
  513.58640 0.00804937 8
  529.02072 0.00858599 9
  529.11066 0.0140864 14
  529.15014 0.234505 234
  530.14122 0.0367588 37
  530.15525 0.0763349 76
  531.15994 0.00992756 10
  547.15872 0.0194526 19
  548.16538 0.0104642 10
  553.14763 0.0330024 33
  555.15683 0.0076469 8
  559.15931 0.0328683 33
  560.16199 0.00563456 6
  571.15785 0.218943 219
  572.15875 0.0977998 98
  573.50524 0.00576871 6
  587.15336 0.0173061 17
  588.42000 0.01033 10
  589.14494 0.0173061 17
  589.16830 0.859673 859
  590.17242 0.268983 269
  590.19710 0.00939093 9
  590.21230 0.0131473 13
  590.91553 0.00617118 6
  591.17547 0.0444057 44
  592.41843 0.00617118 6
  595.02926 0.0134156 13
  603.19194 0.0162329 16
  604.18351 0.0124765 12
  607.17533 0.0175745 18
  613.17415 0.0241481 24
  619.16778 0.0276362 28
  619.18249 0.0385028 38
  620.17672 0.015428 15
  631.17807 0.534612 534
  631.20497 0.0156963 16
  631.68808 0.00536625 5
  632.10095 0.00536625 5
  632.18235 0.182855 183
  633.17260 0.0218675 22
  633.19455 0.0187819 19
  633.40333 0.00576871 6
  635.05390 0.0055004 5
  649.18822 0.115777 116
  650.19961 0.024953 25
  651.17862 0.0076469 8
  652.99605 0.00804937 8
  691.22906 0.0101959 10
  692.21230 0.00952509 10
  708.45128 0.00831768 8
  709.37587 0.0114033 11
//