ACCESSION: MycoMSB-HZI-000883
RECORD_TITLE: Heimiomycin A; timsTOF; MS2; CE:36.0; [M+H]+
DATE: 2026.06.26
AUTHORS: Unknown
LICENSE: CC BY
COPYRIGHT: Helmholtz Centre for Infection Research (HZI)
SP$SCIENTIFIC_NAME: Heimiomyces sp. (MUCL 56078)
PUBLICATION: doi:10.1021/acs.jnatprod.0c00486
COMMENT: Converted from Bruker MetaboScape .library export
CH$NAME: Heimiomycin A
CH$COMPOUND_CLASS: Shikimates and Phenylpropanoids
CH$FORMULA: C28H28O7
CH$EXACT_MASS: 476.1835
CH$SMILES: CC(C)C1(CCC(C)(C2=C1C(=C(C=O)C(=C2O)O)C3=C(C=C(C(=C(C4=CC=C(C=C4)O)[H])[H])OC3=O)O)[H])[H]
CH$IUPAC: InChI=1S/C28H28O7/c1-14(2)19-11-4-15(3)22-23(19)24(20(13-29)26(32)27(22)33)25-21(31)12-18(35-28(25)34)10-7-16-5-8-17(30)9-6-16/h5-10,12-15,19,30-33H,4,11H2,1-3H3
CH$LINK: INCHIKEY LMLHRSCJBYWBPI-HNAYVOBHSA-N
AC$INSTRUMENT: timsTOF Pro, Bruker Daltonics
AC$INSTRUMENT_TYPE: timsTOF
AC$MASS_SPECTROMETRY: MS_TYPE MS2
AC$MASS_SPECTROMETRY: ION_MODE POSITIVE
AC$MASS_SPECTROMETRY: COLLISION_ENERGY 36.02325581395349
AC$MASS_SPECTROMETRY: CCS 201.4801483154297
MS$FOCUSED_ION: BASE_PEAK 477.19078
MS$FOCUSED_ION: PRECURSOR_M/Z 477.19078
MS$FOCUSED_ION: PRECURSOR_TYPE [M+H]+
MS$DATA_PROCESSING: Converted with library_to_massbank.py
PK$SPLASH: splash10-000j-0339400000-aa0fae0312d58caa4335
PK$NUM_PEAK: 183
PK$PEAK: m/z int. rel.int.
  115.05468 0.00780768 8
  119.04965 0.0598147 60
  119.05603 0.0103367 10
  121.02952 0.00607264 6
  121.06622 0.00699897 7
  123.04443 0.0101309 10
  131.04866 0.00504338 5
  135.04371 0.00652845 7
  143.04983 0.00842523 8
  145.06055 0.00807234 8
  145.06728 0.00902808 9
  147.04479 0.604764 604
  147.05867 0.0129099 13
  148.04763 0.0585649 59
  149.05981 0.0215557 22
  159.04453 0.00598441 6
  159.07981 0.0119982 12
  161.05741 0.00667549 7
  161.06324 0.00517571 5
  163.03924 0.0364946 36
  163.07503 0.0158506 16
  164.04239 0.00521982 5
  171.04383 0.0218497 22
  173.06020 0.0134833 13
  175.03783 0.00744008 7
  175.07621 0.0102926 10
  177.05520 0.0410087 41
  179.03543 0.0138215 14
  179.07097 0.00502867 5
  185.05804 0.0059256 6
  189.01826 0.00658727 7
  189.05498 0.312586 312
  190.05851 0.0448169 45
  191.03330 0.0119688 12
  191.07166 0.0281135 28
  199.07516 0.00692545 7
  201.05461 0.0117042 12
  203.03363 0.0499485 50
  203.07132 0.0234818 23
  204.03850 0.00564623 6
  205.05092 0.0270401 27
  205.08715 0.0135568 14
  206.05739 0.0191589 19
  213.05344 0.00733716 7
  215.07189 0.0102926 10
  217.04981 0.0474342 47
  218.05730 0.00564623 6
  219.06395 0.0082929 8
  219.13848 0.00707249 7
  231.02753 0.015733 16
  231.06541 0.0732539 73
  232.06869 0.0108366 11
  232.07645 0.00705779 7
  233.04406 0.0116159 12
  233.07998 0.00914571 9
  241.08477 0.010072 10
  243.06649 0.0109249 11
  243.10261 0.00527864 5
  245.04499 0.0255698 26
  245.08159 0.0125717 13
  246.08861 0.0160565 16
  247.07681 0.0059403 6
  247.09608 0.00545508 5
  247.13310 0.00517571 5
  249.08960 0.0108219 11
  253.08598 0.00895457 9
  255.06506 0.00601382 6
  255.10158 0.00516101 5
  259.04968 0.00573445 6
  259.06008 0.0118512 12
  259.13471 0.00951331 10
  261.14796 0.0188208 19
  265.08268 0.0087046 9
  266.08883 0.00619027 6
  267.10318 0.00761653 8
  268.10753 0.00561682 6
  269.11697 0.0104102 10
  271.05908 0.00798412 8
  277.08507 0.0156154 16
  278.08944 0.00601382 6
  279.10199 0.00698427 7
  281.11680 0.00524923 5
  283.09620 0.00682253 7
  287.12738 0.0216292 22
  289.14352 0.692089 691
  289.16481 0.00885164 9
  290.14710 0.118541 118
  291.06255 0.00629319 6
  291.06924 0.00629319 6
  291.09202 0.0075283 8
  291.09975 0.0108366 11
  291.14792 0.00677841 7
  293.08096 0.00744008 7
  295.09686 0.0144391 14
  295.13179 0.0174827 17
  296.14179 0.00573445 6
  297.11290 0.0270548 27
  301.14140 0.00629319 6
  305.08023 0.00917512 9
  311.09193 0.0158065 16
  311.09898 0.0173357 17
  312.09123 0.00696956 7
  313.14298 0.0112925 11
  315.11081 0.0121747 12
  315.12263 0.0735186 73
  316.12625 0.0118218 12
  319.09652 0.0192619 19
  321.07500 0.0165417 17
  321.11526 0.00849875 8
  322.08139 0.00820468 8
  323.09107 0.0206146 21
  324.10321 0.00516101 5
  331.13407 0.00607264 6
  333.07454 0.0285105 28
  334.08145 0.0127628 13
  337.10686 0.0179974 18
  338.08135 0.0109984 11
  338.11080 0.00617556 6
  339.08669 1 999
  339.10880 0.0229672 23
  339.23926 0.00526393 5
  339.24853 0.00588149 6
  339.26000 0.0059403 6
  339.62069 0.00501397 5
  339.63143 0.00766064 8
  340.08939 0.197324 197
  341.08690 0.00542567 5
  341.09556 0.00929275 9
  347.08852 0.0215704 22
  348.10206 0.00758712 8
  349.07167 0.0396853 40
  349.10263 0.00614615 6
  349.11027 0.00548449 5
  350.07324 0.00619027 6
  350.08045 0.00619027 6
  351.08693 0.257006 257
  352.08758 0.0684017 68
  359.08751 0.00724893 7
  361.07029 0.0383032 38
  362.07589 0.0125864 13
  363.08784 0.00613145 6
  365.10249 0.954433 953
  365.12514 0.0205117 20
  365.27407 0.00580797 6
  365.66521 0.00757242 8
  366.10429 0.22157 221
  367.08192 0.0256433 26
  367.10764 0.0115865 12
  373.06769 0.00601382 6
  375.08567 0.518777 518
  376.08973 0.183164 183
  377.10256 0.0340391 34
  379.08020 0.0103514 10
  379.11696 0.0742685 74
  380.11920 0.0160124 16
  389.10404 0.025658 26
  389.13609 0.00880753 9
  390.11399 0.00845464 8
  393.09451 0.0231584 23
  393.13275 0.0765476 76
  394.10128 0.0138509 14
  394.13763 0.0210704 21
  399.12232 0.00851345 9
  403.11790 0.0418762 42
  403.18999 0.00519041 5
  404.11926 0.0110131 11
  407.14583 0.011763 12
  413.17472 0.00521982 5
  431.18190 0.0260991 26
  432.18763 0.00530804 5
  433.20209 0.0169387 17
  441.16901 0.0152919 15
  449.19578 0.541244 541
  449.22052 0.00691075 7
  450.20024 0.20372 204
  451.19850 0.00742538 7
  459.17991 0.763638 763
  459.20221 0.0122923 12
  459.36500 0.00563152 6
  460.18324 0.270078 270
  461.18642 0.00816056 8
  477.19118 0.045905 46
  478.19126 0.0227172 23
//