ACCESSION: MycoMSB-HZI-003106
RECORD_TITLE: Phlebopyrone; timsTOF; MS2; CE:32.51162790697674; [M+H]+
DATE: 2026.06.26
AUTHORS: Charrià-Girón E, Surup F
LICENSE: CC BY
COPYRIGHT: Helmholtz Centre for Infection Research (HZI)
PUBLICATION: doi:10.1007/s11557-020-01643-y
COMMENT: Converted from Bruker MetaboScape .library export
CH$NAME: Phlebopyrone
CH$COMPOUND_CLASS: Shikimates and Phenylpropanoids
CH$FORMULA: C17H12O5
CH$EXACT_MASS: 296.0685
CH$SMILES: C=1C=C(C=CC1C2=COC(C(C3=CC=C(C=C3)O)=C2O)=O)O
CH$IUPAC: InChI=1S/C17H12O5/c18-12-5-1-10(2-6-12)14-9-22-17(21)15(16(14)20)11-3-7-13(19)8-4-11/h1-9,18-20H
CH$LINK: INCHIKEY SCUSRFZUNUWYTD-UHFFFAOYSA-N
SP$SCIENTIFIC_NAME: Phlebopus portentosus
AC$INSTRUMENT: timsTOF Pro, Bruker Daltonics
AC$INSTRUMENT_TYPE: TIMS-TOF
AC$MASS_SPECTROMETRY: MS_TYPE MS2
AC$MASS_SPECTROMETRY: ION_MODE POSITIVE
AC$MASS_SPECTROMETRY: COLLISION_ENERGY 32.51162790697674
AC$MASS_SPECTROMETRY: CCS 154.47120666503906
MS$FOCUSED_ION: BASE_PEAK 297.07575
MS$FOCUSED_ION: PRECURSOR_M/Z 297.07575
MS$FOCUSED_ION: PRECURSOR_TYPE [M+H]+
MS$DATA_PROCESSING: Converted with library_to_massbank.py
PK$SPLASH: splash10-0002-0950000000-79c58f1780c20c5c03c9
PK$NUM_PEAK: 78
PK$PEAK: m/z int. rel.int.
  107.04854 0.0251359 25
  119.04883 0.309478 309
  119.05879 0.00607254 6
  120.05246 0.0393883 39
  121.02836 0.0419532 42
  121.03607 0.00540705 5
  123.04390 0.00672416 7
  131.04966 0.0125333 13
  133.02770 0.0389447 39
  134.03644 0.00562888 6
  135.04378 0.111898 112
  136.04771 0.0123114 12
  147.04368 1 999
  147.05870 0.02124 21
  147.40114 0.00507431 5
  148.04680 0.0850433 85
  151.03856 0.00625277 6
  151.05262 0.00880379 9
  152.06152 0.0351597 35
  153.06576 0.011535 12
  153.07084 0.0110082 11
  154.07438 0.00582298 6
  157.06505 0.00719554 7
  161.02209 0.0249834 25
  162.02454 0.00528228 5
  163.03808 0.0145159 15
  165.07017 0.0397488 40
  166.07498 0.0117291 12
  167.08428 0.0528089 53
  168.08761 0.00557343 6
  173.02189 0.00539319 5
  175.03796 0.476597 476
  175.05512 0.0053516 5
  176.04305 0.0688221 69
  176.06138 0.021545 22
  177.06918 0.0846273 85
  178.07536 0.0217807 22
  178.08197 0.0145297 15
  179.08476 0.0107587 11
  181.06414 0.0188138 19
  185.09779 0.00910881 9
  193.06140 0.00503272 5
  193.06743 0.00576752 6
  194.07181 0.0251081 25
  195.07960 0.167508 167
  196.08542 0.0160271 16
  197.05694 0.0119232 12
  198.06872 0.00862356 9
  199.07588 0.0124224 12
  203.03243 0.00955246 10
  205.06452 0.0677961 68
  206.06849 0.0157082 16
  207.08020 0.0161518 16
  208.08167 0.00567047 6
  210.06696 0.00823536 8
  211.07256 0.0106893 11
  213.09026 0.0346051 35
  221.05965 0.00786102 8
  223.07406 0.718958 718
  223.09197 0.00804126 8
  224.07857 0.0981727 98
  226.06135 0.0169976 17
  233.05895 0.0798303 80
  234.06530 0.0231671 23
  235.06918 0.00646074 6
  235.07539 0.00646074 6
  240.07152 0.00626664 6
  241.08422 0.043201 43
  250.06558 0.0178987 18
  251.06939 0.14667 147
  252.07228 0.039624 40
  253.08324 0.00579525 6
  268.07314 0.0145297 15
  269.07947 0.0496617 50
  279.06485 0.0122421 12
  279.07262 0.0103982 10
  297.07444 0.378189 378
  298.07777 0.0681843 68
//