ACCESSION: MycoMSB-HZI-003026
RECORD_TITLE: Cordyanhydrid B; timsTOF; MS2; CE:37.325581395348834; [M+H]+
DATE: 2026.06.26
AUTHORS: Charrià-Girón E, Surup F
LICENSE: CC BY
COPYRIGHT: Helmholtz Centre for Infection Research (HZI)
PUBLICATION: doi:10.1002/cbic.202500037
COMMENT: Converted from Bruker MetaboScape .library export
CH$NAME: Cordyanhydrid B
CH$FORMULA: C29H32O11
CH$EXACT_MASS: 556.1945
CH$SMILES: CC/C=C/C1=C(C(=O)OC1=O)CC(CC)CC2=C(C(=O)OC2=O)CC(CC)CC3=C(C(=O)OC3=O)CCC(=O)O
CH$IUPAC: InChI=1S/C29H32O11/c1-4-7-8-17-19(26(34)38-24(17)32)11-15(5-2)13-21-22(29(37)40-28(21)36)14-16(6-3)12-20-18(9-10-23(30)31)25(33)39-27(20)35/h7-8,15-16H,4-6,9-14H2,1-3H3,(H,30,31)/b8-7+
CH$LINK: INCHIKEY PHRCULZLDFTOFU-BQYQJAHWSA-N
SP$SCIENTIFIC_NAME: Hypoxylon lienhwacheense
AC$INSTRUMENT: timsTOF Pro, Bruker Daltonics
AC$INSTRUMENT_TYPE: TIMS-TOF
AC$MASS_SPECTROMETRY: MS_TYPE MS2
AC$MASS_SPECTROMETRY: ION_MODE POSITIVE
AC$MASS_SPECTROMETRY: COLLISION_ENERGY 37.325581395348834
AC$MASS_SPECTROMETRY: CCS 218.4347686767578
MS$FOCUSED_ION: BASE_PEAK 557.20174
MS$FOCUSED_ION: PRECURSOR_M/Z 557.20174
MS$FOCUSED_ION: PRECURSOR_TYPE [M+H]+
MS$DATA_PROCESSING: Converted with library_to_massbank.py
PK$SPLASH: splash10-00kf-0144900000-0a92ec4d039af79478e9
PK$NUM_PEAK: 584
PK$PEAK: m/z int. rel.int.
  117.07032 0.0161608 16
  119.05208 0.0131389 13
  121.06424 0.0248325 25
  122.07319 0.0123505 12
  125.02501 0.0386283 39
  129.07096 0.0285114 28
  131.08590 0.0292997 29
  133.06435 0.0459861 46
  133.06792 0.0459861 46
  133.10034 0.0398108 40
  133.11386 0.0105111 11
  134.07390 0.0126133 13
  134.11013 0.0172119 17
  135.04466 0.0110367 11
  135.07772 0.0243069 24
  139.04018 0.0148469 15
  139.07339 0.0155039 15
  145.06543 0.0176061 18
  145.10078 0.0168178 17
  147.08165 0.0311391 31
  147.11489 0.0102483 10
  149.06030 0.0152411 15
  155.08480 0.0282486 28
  157.09940 0.0455919 46
  158.10634 0.0190514 19
  160.12291 0.0161608 16
  161.06055 0.0470372 47
  161.09689 0.0620155 62
  161.10819 0.0156353 16
  161.13004 0.0155039 15
  163.03988 0.0210222 21
  163.07349 0.0279858 28
  163.10779 0.00722638 7
  163.11579 0.0191828 19
  165.05182 0.025358 25
  166.09403 0.0107739 11
  167.03480 0.0123505 12
  171.07836 0.0384969 38
  171.08830 0.0161608 16
  171.11694 0.0114308 11
  173.09502 0.0381027 38
  174.10096 0.0124819 12
  175.07446 0.0183944 18
  176.27282 0.00512416 5
  177.05946 0.0286428 29
  177.09068 0.0216791 22
  177.12742 0.0114308 11
  179.06957 0.03784 38
  179.10830 0.0132703 13
  183.08286 0.0187886 19
  185.09513 0.0428327 43
  185.13316 0.0122192 12
  186.10710 0.0127447 13
  187.03867 0.00893444 9
  187.07400 0.0890816 89
  187.11293 0.0783077 78
  188.08196 0.0102483 10
  189.05501 0.00696361 7
  189.09373 0.01892 19
  189.12385 0.0120878 12
  190.09959 0.0122192 12
  191.07135 0.0164236 16
  191.10811 0.0124819 12
  193.08535 0.00919721 9
  195.07931 0.0116936 12
  195.11645 0.0204966 20
  196.09437 0.0186572 19
  197.09449 0.0386283 39
  197.10108 0.015898 16
  197.14061 0.0136644 14
  199.07493 0.0353436 35
  199.11201 0.0264091 26
  201.05610 0.0119564 12
  201.09485 0.0982788 98
  201.13152 0.0093286 9
  202.10214 0.0124819 12
  202.12883 0.0116936 12
  203.07064 0.0286428 29
  203.10407 0.0211536 21
  204.11295 0.0136644 14
  205.05265 0.0132703 13
  205.08401 0.0145842 15
  205.12418 0.0216791 22
  206.13147 0.0147155 15
  207.06679 0.0337669 34
  207.10316 0.0394166 39
  207.11632 0.0081461 8
  210.07359 0.0136644 14
  210.10534 0.00945999 9
  210.13935 0.0269347 27
  211.07462 0.0148469 15
  211.10875 0.0203653 20
  212.08713 0.00722638 7
  212.12130 0.00985416 10
  213.05412 0.00972277 10
  213.08152 0.0178689 18
  213.09542 0.03784 38
  213.12262 0.013533 14
  213.13175 0.00985416 10
  214.09425 0.0128761 13
  215.07333 0.032453 32
  215.10904 0.0338983 34
  215.11626 0.01419 14
  215.17821 0.0170805 17
  216.07863 0.0173433 17
  217.08725 0.132309 132
  217.11919 0.0237814 24
  218.09064 0.0126133 13
  219.04573 0.0157667 16
  222.10533 0.00945999 9
  223.07150 0.0178689 18
  223.11355 0.0298253 30
  223.14860 0.0148469 15
  224.04679 0.00670083 7
  225.01013 0.0059125 6
  225.09199 0.0247011 25
  225.12629 0.0831691 83
  226.09548 0.0227303 23
  226.10253 0.0106425 11
  226.13076 0.0289055 29
  226.13782 0.0258836 26
  227.06085 0.0122192 12
  227.07271 0.0830377 83
  227.14100 0.025358 25
  228.08733 0.0151097 15
  228.15349 0.0149783 15
  228.18657 0.0114308 11
  229.09009 0.0132703 13
  231.09787 0.0203653 20
  231.13626 0.0304822 30
  232.14015 0.0130075 13
  233.12025 0.0170805 17
  235.09285 0.0149783 15
  236.11846 0.0420444 42
  237.09015 0.0203653 20
  238.13179 0.0237814 24
  238.16558 0.0143214 14
  239.07170 0.0273289 27
  239.10574 0.0760741 76
  239.11204 0.0760741 76
  240.08025 0.0218105 22
  240.11438 0.139929 140
  241.08566 0.049008 49
  241.10522 0.0059125 6
  241.11980 0.0654316 65
  242.11913 0.0105111 11
  242.13373 0.0254894 25
  243.06443 0.0148469 15
  243.10166 0.0317961 32
  243.12297 0.00998555 10
  243.13272 0.0195769 20
  243.14004 0.00867166 9
  245.08427 0.02365 24
  247.10498 0.025358 25
  247.11236 0.0149783 15
  249.12540 0.0116936 12
  251.10447 0.0164236 16
  251.14909 0.0116936 12
  252.11185 0.0186572 19
  253.12217 0.0878991 88
  254.09274 0.011825 12
  254.13041 0.186835 187
  254.16257 0.0156353 16
  255.06112 0.0143214 14
  255.07611 0.0151097 15
  255.10061 0.0169492 17
  255.13898 0.0399422 40
  255.17605 0.0116936 12
  257.08162 0.0415189 41
  257.11791 0.0382341 38
  258.08785 0.0124819 12
  259.06380 0.0105111 11
  259.09492 0.0377086 38
  259.13132 0.0492708 49
  259.13934 0.0178689 18
  261.09199 0.0134017 13
  261.10968 0.0136644 14
  263.10272 0.00959138 10
  263.14585 0.0115622 12
  264.11606 0.0106425 11
  264.15357 0.0245697 25
  265.12116 0.0139272 14
  265.15936 0.0107739 11
  266.12306 0.0103797 10
  267.06806 0.0144528 14
  267.10414 0.0266719 27
  267.13964 0.0409933 41
  267.14731 0.0143214 14
  268.10949 0.025358 25
  268.11717 0.0122192 12
  268.13766 0.0131389 13
  269.07672 0.0370516 37
  269.11549 0.0247011 25
  269.15808 0.0145842 15
  269.19144 0.0101169 10
  270.12130 0.0093286 9
  271.05791 0.00867166 9
  271.13118 0.0930233 93
  271.16941 0.0271975 27
  272.14753 0.025358 25
  272.16127 0.0155039 15
  273.07932 0.0338983 34
  273.12467 0.0119564 12
  273.14535 0.0193142 19
  273.18672 0.00617527 6
  274.10014 0.0224675 22
  275.09810 0.0103797 10
  276.15245 0.0119564 12
  277.11976 0.0252266 25
  278.16285 0.0128761 13
  279.16817 0.0185258 19
  280.10200 0.0191828 19
  280.14127 0.015898 16
  281.11832 0.0587308 59
  281.12635 0.0695047 69
  281.14228 0.00801472 8
  281.15540 0.0421758 42
  282.10042 0.0145842 15
  282.12651 0.0643805 64
  282.16348 0.013533 14
  283.13354 0.0328472 33
  283.16810 0.00512416 5
  284.14286 0.0101169 10
  285.06648 0.00709499 7
  285.11180 0.0499277 50
  285.14836 0.00696361 7
  286.12145 0.0362633 36
  287.09841 0.00775194 8
  287.12951 0.0295625 30
  288.15160 0.00945999 9
  289.19607 0.00551833 6
  290.14118 0.0152411 15
  291.13854 0.00735777 7
  291.17324 0.0128761 13
  292.11114 0.0668769 67
  293.11289 0.0341611 34
  293.14910 0.0143214 14
  294.11942 0.0162922 16
  294.23210 0.011168 11
  295.13373 0.041913 42
  296.13754 0.0136644 14
  297.06965 0.00880305 9
  297.15054 0.0145842 15
  299.12806 0.0341611 34
  299.14114 0.013533 14
  299.16521 0.0641177 64
  299.17360 0.0168178 17
  300.13215 0.0107739 11
  301.07052 0.0130075 13
  301.14007 0.0287741 29
  301.15195 0.0173433 17
  302.50531 0.00762055 8
  303.17495 0.00972277 10
  304.14400 0.0208908 21
  305.11559 0.0231244 23
  305.14461 0.0321903 32
  305.15280 0.0185258 19
  305.18560 0.0127447 13
  306.15646 0.0144528 14
  307.13709 0.0161608 16
  309.11283 0.0683222 68
  310.12107 0.0725266 72
  310.15174 0.00840888 8
  311.08908 0.00985416 10
  311.12219 0.0407305 41
  311.13046 0.0278544 28
  312.13284 0.0120878 12
  312.15495 0.0128761 13
  313.15343 0.0134017 13
  313.18388 0.00959138 10
  314.12579 0.00998555 10
  314.15906 0.0119564 12
  314.42250 0.00538694 5
  315.09965 0.0109053 11
  315.11909 0.0268033 27
  315.12742 0.0122192 12
  315.16074 0.0249639 25
  315.17463 0.0170805 17
  316.91265 0.00630666 6
  317.11596 0.0131389 13
  317.19396 0.0102483 10
  318.16699 0.0105111 11
  319.14150 0.0148469 15
  319.16386 0.0109053 11
  319.20019 0.0160294 16
  319.21087 0.0249639 25
  320.10351 0.0180003 18
  321.10621 0.0126133 13
  321.14265 0.0137958 14
  321.18470 0.0101169 10
  322.15259 0.0105111 11
  323.12756 0.0249639 25
  323.13881 0.0106425 11
  323.16596 0.0335041 33
  326.13193 0.0143214 14
  326.72259 0.00775194 8
  327.12377 0.0450664 45
  327.15998 0.0405991 41
  327.17514 0.0231244 23
  327.18363 0.0115622 12
  327.59685 0.00578111 6
  328.12419 0.0398108 40
  328.13173 0.0398108 40
  328.15201 0.00959138 10
  328.20018 0.0186572 19
  329.15303 0.013533 14
  329.17290 0.00735777 7
  329.19016 0.0390225 39
  329.60726 0.00525555 5
  330.16411 0.0161608 16
  330.19538 0.0106425 11
  331.13188 0.0170805 17
  331.17105 0.0156353 16
  332.17381 0.00867166 9
  333.15450 0.0178689 18
  333.16382 0.00985416 10
  333.18586 0.0788333 79
  335.13107 0.0140586 14
  335.15971 0.0161608 16
  335.17403 0.0122192 12
  335.20267 0.0312705 31
  335.56075 0.00538694 5
  336.13408 0.00617527 6
  337.12996 0.0183944 18
  337.15401 0.034818 35
  337.16082 0.034818 35
  337.17879 0.013533 14
  339.16268 0.02365 24
  339.17801 0.0116936 12
  341.15713 0.0244383 24
  342.18068 0.0149783 15
  343.17875 0.0290369 29
  344.13371 0.0115622 12
  344.14532 0.0107739 11
  345.11231 0.00959138 10
  345.14191 0.0289055 29
  345.17414 0.0166864 17
  345.18787 0.0153725 15
  346.15434 0.0282486 28
  347.12739 0.0139272 14
  347.16131 0.030745 31
  347.20201 0.0374458 37
  348.20530 0.00880305 9
  349.14119 0.0742347 74
  349.15459 0.0144528 14
  349.17797 0.0240441 24
  350.14744 0.0302194 30
  351.12722 0.0137958 14
  351.16506 0.0249639 25
  351.19975 0.0391539 39
  353.13809 0.0101169 10
  353.14984 0.011168 11
  354.12940 0.00972277 10
  355.09262 0.0101169 10
  355.13483 0.0319275 32
  355.16672 0.0360005 36
  356.15751 0.0107739 11
  356.17523 0.00906583 9
  357.12940 0.016555 17
  357.14123 0.0130075 13
  358.10261 0.0155039 15
  358.19142 0.0400736 40
  359.13050 0.0247011 25
  359.16395 0.0508475 51
  360.13018 0.0116936 12
  361.14314 0.0136644 14
  361.17861 0.0369202 37
  361.19061 0.0219419 22
  362.18948 0.01892 19
  363.11371 0.0152411 15
  363.12862 0.0199711 20
  363.17035 0.0127447 13
  363.19479 0.181842 182
  364.12787 0.0102483 10
  364.20160 0.041913 42
  365.13747 0.0116936 12
  365.17127 0.0254894 25
  365.18202 0.040205 40
  365.20439 0.0290369 29
  365.21264 0.022993 23
  365.23312 0.011168 11
  366.17241 0.0145842 15
  367.15539 0.0451977 45
  367.16931 0.027723 28
  369.16897 0.0601761 60
  369.18682 0.0172119 17
  371.12494 0.0166864 17
  371.15207 0.0199711 20
  372.16229 0.00867166 9
  373.14065 0.0123505 12
  373.16368 0.0592563 59
  373.17941 0.151228 151
  374.18711 0.0529497 53
  375.08002 0.0134017 13
  375.19798 0.116016 116
  375.83171 0.00551833 6
  375.88023 0.00656944 7
  376.20238 0.0176061 18
  376.40810 0.00578111 6
  377.14040 0.0635922 64
  377.17395 0.134805 135
  377.19757 0.0139272 14
  377.21008 0.0172119 17
  377.24617 0.0122192 12
  378.17843 0.0374458 37
  378.19469 0.0164236 16
  379.11510 0.0250953 25
  379.15962 0.00919721 9
  379.19096 0.0282486 28
  380.15933 0.0126133 13
  380.19288 0.032453 32
  381.13287 0.0081461 8
  381.16341 0.00709499 7
  381.21533 0.0143214 14
  382.17187 0.0116936 12
  383.12655 0.0112994 11
  383.16574 0.0823808 82
  384.13760 0.0112994 11
  384.16520 0.0106425 11
  385.18233 0.0570227 57
  386.14475 0.0140586 14
  386.17061 0.0160294 16
  386.18148 0.0139272 14
  387.12028 0.0148469 15
  387.13567 0.0105111 11
  387.15905 0.0723952 72
  387.17260 0.0112994 11
  388.15634 0.0222047 22
  388.89424 0.0102483 10
  389.18200 0.0202339 20
  390.14848 0.00959138 10
  390.18247 0.00656944 7
  391.13781 0.00840888 8
  391.15907 0.013533 14
  391.19022 0.310209 310
  391.76917 0.011825 12
  392.15628 0.00893444 9
  392.19690 0.0500591 50
  393.13265 0.01419 14
  393.16822 0.0219419 22
  393.20694 0.0808041 81
  394.15681 0.00683222 7
  394.16923 0.01419 14
  394.21271 0.0116936 12
  400.12636 0.0177375 18
  400.14513 0.011825 12
  401.10946 0.0106425 11
  401.13765 0.0093286 9
  401.17487 0.243463 243
  402.10631 0.0110367 11
  402.17939 0.0748916 75
  403.15383 0.0352122 35
  403.19196 0.125214 125
  403.99682 0.00551833 6
  404.19736 0.0659572 66
  404.46542 0.00617527 6
  405.12645 0.0480883 48
  405.13783 0.0144528 14
  405.16927 0.156747 157
  405.21070 0.0240441 24
  406.17999 0.0834319 83
  406.21643 0.00906583 9
  407.18904 0.0776508 78
  408.18609 0.00985416 10
  408.56542 0.00512416 5
  409.13474 0.00643805 6
  409.16857 0.0186572 19
  409.20288 0.108659 109
  410.20311 0.0131389 13
  411.14000 0.011825 12
  411.15858 0.0332414 33
  411.17486 0.0404677 40
  412.15876 0.0059125 6
  412.21592 0.0101169 10
  413.17560 0.0114308 11
  414.18096 0.0132703 13
  415.15645 0.0601761 60
  416.11557 0.011825 12
  416.38364 0.00840888 8
  418.14104 0.0136644 14
  418.16983 0.011825 12
  419.18643 0.607936 607
  419.21647 0.00630666 6
  420.11693 0.0119564 12
  420.18858 0.201682 201
  420.72632 0.00670083 7
  421.12618 0.0223361 22
  421.14032 0.00906583 9
  421.16938 0.0375772 38
  421.20107 0.175798 176
  421.27502 0.0149783 15
  422.13925 0.016555 17
  422.20895 0.0374458 37
  422.22281 0.00722638 7
  423.13936 0.00998555 10
  423.17911 0.18355 183
  424.18300 0.0416502 42
  429.13414 0.02838 28
  429.16877 0.214032 214
  429.18755 0.0153725 15
  430.17243 0.0717383 72
  431.15036 0.00985416 10
  431.19068 0.0275916 28
  432.19035 0.00643805 6
  432.20986 0.00709499 7
  433.12971 0.0295625 30
  433.16614 0.186441 186
  433.19462 0.0199711 20
  434.13393 0.00840888 8
  434.15831 0.0252266 25
  434.16808 0.0247011 25
  434.66208 0.00670083 7
  437.19673 0.66036 660
  438.19608 0.03784 38
  438.70228 0.0106425 11
  439.15529 0.0450664 45
  439.17730 0.0120878 12
  439.21026 0.0109053 11
  440.15818 0.0199711 20
  447.14962 0.0245697 25
  447.18081 0.692944 692
  447.20956 0.0131389 13
  447.30840 0.00801472 8
  447.50031 0.00551833 6
  447.80810 0.00643805 6
  448.18192 0.127316 127
  448.92431 0.00564972 6
  449.17623 0.00670083 7
  449.19586 0.0663513 66
  451.13500 0.0222047 22
  451.17581 0.156878 157
  452.15490 0.00722638 7
  452.18214 0.0482197 48
  455.20866 0.0139272 14
  456.20858 0.0093286 9
  457.16757 0.214558 214
  457.18135 0.0119564 12
  458.15964 0.0237814 24
  458.17237 0.0488766 49
  459.18151 0.0282486 28
  460.19310 0.016555 17
  461.16003 0.0126133 13
  461.19026 0.00906583 9
  465.19094 0.826041 825
  465.20993 0.00775194 8
  465.23017 0.00919721 9
  466.19599 0.204178 204
  466.38477 0.0081461 8
  466.55031 0.00512416 5
  467.20237 0.0692419 69
  468.20735 0.011825 12
  469.18605 0.011168 11
  475.17448 0.559979 559
  476.17875 0.232821 233
  477.18904 0.0134017 13
  479.17223 0.0383655 38
  479.19009 0.0164236 16
  480.17676 0.0193142 19
  483.20301 0.20812 208
  484.20226 0.0737091 74
  485.15968 0.0132703 13
  486.16637 0.00919721 9
  487.25687 0.00630666 6
  492.69296 0.00604388 6
  493.15725 0.0327158 33
  493.18594 1 999
  494.19127 0.352253 352
  495.18684 0.0222047 22
  495.81583 0.00709499 7
  496.18510 0.00538694 5
  497.18911 0.00564972 6
  498.18016 0.011825 12
  503.17211 0.0746288 75
  504.14369 0.011825 12
  504.16828 0.0148469 15
  511.16427 0.0160294 16
  511.20077 0.0658258 66
  512.20101 0.00840888 8
  521.17531 0.0463802 46
  521.18790 0.0172119 17
  522.18875 0.0208908 21
  539.19684 0.0412561 41
  540.20454 0.0132703 13
  540.53179 0.00538694 5
//