ACCESSION: MycoMSB-HZI-000768
RECORD_TITLE: Pseurotin A5; timsTOF; MS2; CE:36.13953488372093; [M+Na]+
DATE: 2026.06.26
AUTHORS: Unknown
LICENSE: CC BY
COPYRIGHT: Helmholtz Centre for Infection Research (HZI)
SP$SCIENTIFIC_NAME: Wilsonomyces carpophilus
PUBLICATION: doi:10.1016/j.phytol.2018.06.018
COMMENT: Converted from Bruker MetaboScape .library export
CH$NAME: Pseurotin A5
CH$COMPOUND_CLASS: Amino acids and Peptides / Polyketides
CH$FORMULA: C22H25NO8
CH$EXACT_MASS: 431.1580
CH$SMILES: CC/C=C\[C@@H]([C@H](C1=C(C(=O)[C@@]2(O1)[C@H]([C@@](NC2=O)(C(=O)C3=CC=CC=C3)OC)O)C)O)O
CH$IUPAC: InChI=1S/C22H25NO8/c1-4-5-11-14(24)15(25)16-12(2)17(26)21(31-16)19(28)22(30-3,23-20(21)29)18(27)13-9-7-6-8-10-13/h5-11,14-15,19,24-25,28H,4H2,1-3H3,(H,23,29)/b11-5-/t14-,15+,19+,21+,22+/m0/s1
CH$LINK: INCHIKEY SLYDIPAXCVVRNY-QYCAIMRZSA-N
AC$INSTRUMENT: timsTOF Pro, Bruker Daltonics
AC$INSTRUMENT_TYPE: timsTOF
AC$MASS_SPECTROMETRY: MS_TYPE MS2
AC$MASS_SPECTROMETRY: ION_MODE POSITIVE
AC$MASS_SPECTROMETRY: COLLISION_ENERGY 36.13953488372093
AC$MASS_SPECTROMETRY: CCS 208.96290588378906
MS$FOCUSED_ION: BASE_PEAK 454.14724
MS$FOCUSED_ION: PRECURSOR_M/Z 454.14724
MS$FOCUSED_ION: PRECURSOR_TYPE [M+Na]+
MS$DATA_PROCESSING: Converted with library_to_massbank.py
PK$SPLASH: splash10-044i-0198300000-5cb77ac7f368d749abaf
PK$NUM_PEAK: 99
PK$PEAK: m/z int. rel.int.
  151.04032 0.018558 19
  156.04166 0.084471 84
  161.02133 0.024744 25
  174.99806 0.0177048 18
  177.01404 0.0701792 70
  178.02426 0.0488481 49
  179.02917 0.0708191 71
  179.03754 0.0226109 23
  184.03474 0.0951365 95
  184.04413 0.0701792 70
  185.04804 0.0110922 11
  185.07144 0.00511945 5
  186.04975 0.0567406 57
  206.02116 0.0223976 22
  213.03795 0.152304 152
  214.04451 0.101749 102
  216.06079 0.0558874 56
  222.04893 0.0262372 26
  223.03599 0.0243174 24
  225.03599 0.043942 44
  232.02186 0.0870307 87
  235.09276 0.0627133 63
  235.10666 0.0194113 19
  239.05416 0.0206911 21
  241.06573 0.012372 12
  246.04319 0.0177048 18
  247.04951 0.0450085 45
  250.01273 0.0302901 30
  252.02619 0.0537543 54
  253.03339 0.00938567 9
  260.08871 0.0151451 15
  260.86122 0.00703925 7
  261.07352 1 999
  261.09875 0.0134386 13
  261.90820 0.0100256 10
  262.07753 0.12692 127
  262.13861 0.00618601 6
  263.08941 0.513652 513
  263.80262 0.0115188 12
  264.09353 0.0695392 69
  264.81984 0.00682594 7
  265.04390 0.0147184 15
  266.05840 0.0174915 17
  273.00742 0.0226109 23
  277.04640 0.0236775 24
  277.06983 0.0134386 13
  278.09697 0.0582338 58
  291.08137 0.0206911 21
  293.06537 0.0292235 29
  294.05125 0.0789249 79
  294.07535 0.0311433 31
  295.05839 0.0674061 67
  306.09381 0.0578072 58
  307.10016 0.0177048 18
  308.04833 0.0473549 47
  308.06581 0.0260239 26
  308.08503 0.0164249 16
  309.05498 0.0198379 20
  310.14490 0.0102389 10
  311.05739 0.0200512 20
  311.08774 0.0221843 22
  320.05169 0.0196246 20
  336.04640 0.0119454 12
  337.05342 0.209044 209
  338.05416 0.125213 125
  338.06299 0.133746 134
  338.07388 0.0151451 15
  339.06686 0.0187713 19
  339.77579 0.0081058 8
  340.15650 0.0115188 12
  351.12162 0.0290102 29
  368.07053 0.0104522 10
  368.11254 0.0238908 24
  369.08210 0.948805 948
  370.08672 0.549915 549
  370.10500 0.0234642 23
  370.74625 0.00725256 7
  371.09003 0.0744454 74
  371.67147 0.00895904 9
  378.12555 0.0172782 17
  379.11544 0.015785 16
  380.12354 0.00938567 9
  387.10563 0.015785 16
  393.12712 0.0162116 16
  394.12694 0.0479949 48
  394.13143 0.0479949 48
  395.13632 0.0226109 23
  404.11687 0.0228242 23
  422.04321 0.0162116 16
  422.12016 0.524531 524
  423.12903 0.115188 115
  424.12655 0.0319966 32
  427.15842 0.0236775 24
  454.14805 0.258959 259
  454.16845 0.0277304 28
  454.23952 0.00618601 6
  454.95991 0.00618601 6
  455.14515 0.114334 114
  455.16275 0.0264505 26
//