ACCESSION: MycoMSB-HZI-001002
RECORD_TITLE: Chaetoviridin A; timsTOF; MS2; CE:35.093023255813954; [M+H]+
DATE: 2026.06.26
AUTHORS: Unknown
LICENSE: CC BY
COPYRIGHT: Helmholtz Centre for Infection Research (HZI)
SP$SCIENTIFIC_NAME: Chaetomium globosum
PUBLICATION: doi:10.1248/cpb.38.625
COMMENT: Converted from Bruker MetaboScape .library export
CH$NAME: Chaetoviridin A
CH$COMPOUND_CLASS: Polyketides
CH$FORMULA: C23H25ClO6
CH$EXACT_MASS: 432.1340
CH$SMILES: CCC(C)(C(=C(C1=CC=2C(=CO1)C3=C(C(C(C)(C(C)(O)[H])[H])=O)C(=O)OC3(C)C(C2Cl)=O)[H])[H])[H]
CH$IUPAC: InChI=1S/C23H25ClO6/c1-6-11(2)7-8-14-9-15-16(10-29-14)18-17(20(26)12(3)13(4)25)22(28)30-23(18,5)21(27)19(15)24/h7-13,25H,6H2,1-5H3
CH$LINK: INCHIKEY HWSQVPGTQUYLEQ-YWAJDOERSA-N
AC$INSTRUMENT: timsTOF Pro, Bruker Daltonics
AC$INSTRUMENT_TYPE: timsTOF
AC$MASS_SPECTROMETRY: MS_TYPE MS2
AC$MASS_SPECTROMETRY: ION_MODE POSITIVE
AC$MASS_SPECTROMETRY: COLLISION_ENERGY 35.093023255813954
AC$MASS_SPECTROMETRY: CCS 185.1949462890625
MS$FOCUSED_ION: BASE_PEAK 433.14124
MS$FOCUSED_ION: PRECURSOR_M/Z 433.14124
MS$FOCUSED_ION: PRECURSOR_TYPE [M+H]+
MS$DATA_PROCESSING: Converted with library_to_massbank.py
PK$SPLASH: splash10-001i-0049000000-ebbf39cddf214a39338c
PK$NUM_PEAK: 188
PK$PEAK: m/z int. rel.int.
  167.08599 0.00754837 8
  180.09351 0.00802455 8
  195.07548 0.0094531 9
  195.08123 0.0094531 9
  205.04262 0.00779528 8
  215.06100 0.00569655 6
  215.06966 0.00539673 5
  218.10655 0.00520273 5
  219.02424 0.00514982 5
  220.99996 0.0137564 14
  221.03822 0.0106171 11
  223.07415 0.0242676 24
  224.07921 0.005432 5
  225.04495 0.00767182 8
  225.05199 0.00592582 6
  227.07198 0.00703691 7
  229.12231 0.00527328 5
  230.04951 0.00544964 5
  231.02072 0.0112167 11
  232.99935 0.0189944 19
  234.00880 0.00823619 8
  235.08892 0.0460838 46
  236.09229 0.00936491 9
  237.05588 0.0141973 14
  237.12628 0.00913564 9
  237.13241 0.00913564 9
  238.05868 0.005626 6
  243.02146 0.00541437 5
  245.04015 0.00627855 6
  247.01340 0.0100527 10
  249.03248 0.00506164 5
  250.07551 0.0103702 10
  251.06992 0.0936668 94
  251.10854 0.00615509 6
  252.07698 0.0405107 40
  253.08088 0.00615509 6
  254.05609 0.00532618 5
  255.06597 0.00888873 9
  255.10093 0.0197704 20
  258.04873 0.00631382 6
  259.01681 0.0112873 11
  259.05039 0.017266 17
  260.02187 0.00804219 8
  261.03200 0.0446553 45
  262.03928 0.00696637 7
  262.13385 0.00650782 7
  262.14013 0.00650782 7
  263.01015 0.00684291 7
  263.04894 0.00541437 5
  263.08335 0.0380064 38
  264.01620 0.00582 6
  264.08521 0.0101938 10
  265.08490 0.0172836 17
  265.09411 0.00763655 8
  266.09394 0.0140209 14
  267.06577 0.0142855 14
  269.07850 0.0157669 16
  269.08396 0.0157669 16
  271.01573 0.00774237 8
  271.05495 0.00516746 5
  273.03040 0.026578 27
  273.06767 0.0116929 12
  274.07540 0.00723091 7
  275.04560 0.00821855 8
  275.10542 0.007372 7
  277.02659 0.0186416 19
  278.09348 0.0108816 11
  279.06631 0.0228391 23
  279.10277 0.0105818 11
  279.13707 0.0123984 12
  280.07418 0.0277067 28
  280.13476 0.00765419 8
  280.14345 0.00940019 9
  281.08106 0.00619037 6
  281.14985 0.00502637 5
  283.09158 0.00617273 6
  286.04048 0.00885346 9
  287.00785 0.0158904 16
  287.04732 0.0134742 13
  287.08394 0.0225393 23
  287.11771 0.00578473 6
  288.05251 0.00724855 7
  288.08951 0.007566 8
  289.02527 0.00977055 10
  289.06261 0.171831 172
  290.05980 0.0183947 18
  290.06818 0.0229449 23
  291.05705 0.00574946 6
  291.06193 0.00574946 6
  291.07880 0.0289942 29
  292.10766 0.00522037 5
  293.08010 0.00839491 8
  293.09068 0.00846546 8
  293.11859 0.0121691 12
  297.10838 0.0113402 11
  298.06991 0.00587291 6
  298.07669 0.00587291 6
  298.11555 0.00604928 6
  299.08970 0.00693109 7
  301.02710 0.0108993 11
  301.10024 0.0236856 24
  302.03109 0.00529091 5
  303.03799 0.00654309 7
  303.07882 0.0235798 24
  303.11575 0.0294351 29
  304.05041 0.123596 123
  305.05391 0.0213224 21
  305.07268 0.00604928 6
  305.08174 0.00740728 7
  305.09356 0.0126982 13
  306.05893 0.00740728 7
  306.08763 0.00516746 5
  307.07502 0.0090651 9
  307.09690 0.267667 267
  307.13201 0.0146382 15
  308.10025 0.0424155 42
  308.13518 0.008148 8
  308.13910 0.008148 8
  309.10159 0.00534382 5
  309.14542 0.00726619 7
  311.12835 0.0115871 12
  311.13588 0.0109698 11
  314.07150 0.00781291 8
  315.04093 0.0267897 27
  315.05262 0.00636673 6
  315.07846 0.00777764 8
  315.11448 0.0186064 19
  316.04836 0.0216398 22
  316.08786 0.00858891 9
  316.11532 0.00580237 6
  316.12297 0.00580237 6
  317.02175 0.00553782 6
  317.05818 0.0596991 60
  317.07135 0.00541437 5
  317.13303 0.0178304 18
  318.06699 0.0188356 19
  318.12890 0.00652546 7
  319.05451 0.006402 6
  319.07289 0.00873 9
  319.09479 0.00742491 7
  319.11030 0.121832 122
  320.09975 0.00541437 5
  320.11261 0.0360135 36
  321.11018 0.0159962 16
  321.12582 0.0194353 19
  322.11718 0.00862419 9
  322.12132 0.00862419 9
  325.09913 0.00985873 10
  325.14253 0.00652546 7
  325.14983 0.00652546 7
  327.11490 0.0220102 22
  328.11753 0.00537909 5
  329.09280 0.0114813 11
  329.12906 0.0100704 10
  330.10407 0.0109169 11
  331.07384 0.018236 18
  332.08114 0.0192236 19
  333.08965 1 999
  333.11095 0.0449728 45
  333.61835 0.00638437 6
  333.62713 0.00703691 7
  334.09245 0.178304 178
  335.06802 0.0153613 15
  335.08848 0.0382886 38
  335.12912 0.0218867 22
  336.13491 0.0830497 83
  337.14116 0.0243029 24
  339.12400 0.00507928 5
  342.06541 0.0141796 14
  343.10758 0.0691522 69
  344.11249 0.0122926 12
  345.12547 0.140139 140
  346.12956 0.0169662 17
  347.14004 0.0304051 30
  355.15582 0.0279537 28
  356.08039 0.00529091 5
  356.16118 0.00578473 6
  357.08971 0.00918855 9
  361.12131 0.0808275 81
  362.12286 0.0117987 12
  363.13668 0.0267897 27
  371.10606 0.123314 123
  372.10597 0.0117811 12
  373.12227 0.0332622 33
  374.12355 0.0080951 8
  391.13127 0.0585175 58
  392.13597 0.0134566 13
  433.13939 0.00913564 9
//