ACCESSION: MycoMSB-HZI-000289
RECORD_TITLE: Verruculogen; timsTOF; MS2; CE:38.4; [M+Na]+
DATE: 2026.06.26
AUTHORS: Unknown
LICENSE: CC BY
COPYRIGHT: Helmholtz Centre for Infection Research (HZI)
SP$SCIENTIFIC_NAME: Penicillium verruculosum
PUBLICATION: doi:10.1021/ja00828a054
COMMENT: Converted from Bruker MetaboScape .library export
CH$NAME: Verruculogen
CH$FORMULA: C27H33N3O7
CH$EXACT_MASS: 511.2319
CH$SMILES: CC(=C[C@@H]1N2C3=C(C=CC(=C3)OC)C4=C2[C@H](CC(OO1)(C)C)N5C(=O)[C@@H]6CCCN6C(=O)[C@@]5([C@H]4O)O)C
CH$IUPAC: InChI=1S/C27H33N3O7/c1-14(2)11-20-29-18-12-15(35-5)8-9-16(18)21-22(29)19(13-26(3,4)37-36-20)30-24(32)17-7-6-10-28(17)25(33)27(30,34)23(21)31/h8-9,11-12,17,19-20,23,31,34H,6-7,10,13H2,1-5H3/t17-,19-,20+,23-,27+/m0/s1
CH$LINK: INCHIKEY LRXYHMMJJCTUMY-GWXUGYLUSA-N
AC$INSTRUMENT: timsTOF Pro, Bruker Daltonics
AC$INSTRUMENT_TYPE: timsTOF
AC$MASS_SPECTROMETRY: MS_TYPE MS2
AC$MASS_SPECTROMETRY: ION_MODE POSITIVE
AC$MASS_SPECTROMETRY: COLLISION_ENERGY 38.372093023255815
AC$MASS_SPECTROMETRY: CCS 235.77853393554688
MS$FOCUSED_ION: BASE_PEAK 534.22107
MS$FOCUSED_ION: PRECURSOR_M/Z 534.22107
MS$FOCUSED_ION: PRECURSOR_TYPE [M+Na]+
MS$DATA_PROCESSING: Converted with library_to_massbank.py
PK$SPLASH: splash10-01ox-0269100000-3fc84a616e1291b11856
PK$NUM_PEAK: 168
PK$PEAK: m/z int. rel.int.
  131.07372 0.0388078 39
  136.03388 0.0239056 24
  138.05367 0.0338404 34
  148.02356 0.0397392 40
  163.04630 0.0307358 31
  174.09071 0.131326 131
  174.47311 0.0105557 11
  175.04758 0.120149 120
  176.06978 0.0266998 27
  188.06954 0.0285626 29
  190.79730 0.0263893 26
  191.04173 0.894753 894
  191.05019 0.0139708 14
  191.25564 0.0239056 24
  191.48718 0.0133499 13
  192.04172 0.016765 17
  192.13928 0.0142813 14
  192.29976 0.00589879 6
  193.62306 0.0145917 15
  195.13658 0.0468799 47
  202.08482 0.0285626 29
  202.12485 0.0232847 23
  203.04213 0.0313567 31
  205.90518 0.0142813 14
  211.06146 0.020801 21
  212.06483 0.0235952 24
  212.09217 0.00620925 6
  221.05484 0.0605402 60
  221.06731 0.0214219 21
  224.06665 0.362931 363
  224.08709 0.0332195 33
  225.07066 0.0984166 98
  230.07721 0.116113 116
  230.08310 0.116113 116
  230.11586 0.163924 164
  231.12172 0.036945 37
  233.06879 0.335921 336
  233.09017 0.0105557 11
  233.87415 0.00931388 9
  235.04538 0.0319776 32
  235.08376 0.0186278 19
  236.06571 0.0372555 37
  238.08401 0.0384974 38
  238.12022 0.0239056 24
  239.11816 0.0381869 38
  247.04653 0.24837 248
  249.06172 0.00714064 7
  250.06920 0.0599193 60
  252.06253 0.223844 224
  264.05047 0.0220428 22
  267.08659 0.163924 164
  267.10947 0.0372555 37
  267.11714 0.0117976 12
  274.06877 0.0698541 70
  276.77457 0.00620925 6
  276.95937 0.00620925 6
  277.05747 0.303632 303
  278.06536 0.105247 105
  279.07357 0.0515368 51
  279.11091 0.0502949 50
  280.94612 0.0136604 14
  281.04838 0.0254579 25
  288.05121 0.0270102 27
  291.04030 0.0273207 27
  291.10799 0.062403 62
  292.07886 0.165787 166
  293.11747 0.0254579 25
  295.05960 0.0608507 61
  295.06926 0.0782366 78
  298.10365 0.0341509 34
  298.13065 0.0204905 20
  304.10220 0.0257684 26
  306.11975 0.0499845 50
  307.11566 0.0223533 22
  315.09459 0.0285626 29
  315.10570 0.0229742 23
  316.10501 0.136293 136
  320.07882 0.0298044 30
  323.15055 0.0384974 38
  328.10734 0.123254 123
  329.10244 0.0490531 49
  329.11639 0.0844458 84
  330.11913 0.0686122 69
  330.14186 0.0291835 29
  330.98369 0.00931388 9
  331.08614 0.0304253 30
  331.12884 0.0276312 28
  332.09733 0.103074 103
  332.10588 0.0599193 60
  332.11444 0.0235952 24
  332.13439 0.0232847 23
  333.11006 0.0263893 26
  334.11290 0.0229742 23
  335.09147 0.036945 37
  338.10899 0.0533996 53
  343.10194 0.0173859 17
  344.08777 0.0276312 28
  344.10228 0.0279416 28
  345.11280 0.0394287 39
  346.11540 0.1276 127
  349.07168 0.0524682 52
  349.11415 0.0310463 31
  356.09812 0.213909 214
  357.10705 0.0717169 72
  357.11087 0.0717169 72
  358.07645 0.0149022 15
  359.08652 0.0384974 38
  359.11320 0.0173859 17
  360.09550 1 999
  360.39194 0.00683018 7
  361.09584 0.297423 297
  361.11985 0.0254579 25
  364.16119 0.020801 21
  367.11038 0.0391183 39
  370.15272 0.0263893 26
  371.11662 0.0447066 45
  372.12811 0.0937597 94
  373.89087 0.0108662 11
  374.11009 0.255821 256
  375.11962 0.0580565 58
  376.12640 0.0285626 29
  378.06438 0.0152127 15
  378.10392 0.271655 271
  378.93170 0.0152127 15
  379.11442 0.0425334 42
  379.27890 0.0176964 18
  381.10892 0.0251475 25
  381.39908 0.0195591 20
  384.10437 0.0211115 21
  385.10136 0.0400497 40
  386.14839 0.0956225 96
  387.14847 0.0291835 29
  388.08777 0.0527786 53
  389.09089 0.0620925 62
  392.12196 0.455759 455
  393.12151 0.058367 58
  394.12314 0.0198696 20
  396.11933 0.0276312 28
  397.13491 0.0347718 35
  398.14866 0.0341509 34
  399.12620 0.0158336 16
  399.14496 0.0226638 23
  400.08617 0.0117976 12
  400.12372 0.0251475 25
  411.90525 0.0074511 7
  412.16369 0.0599193 60
  414.14866 0.0533996 53
  415.14342 0.0322881 32
  417.12908 0.091276 91
  418.14155 0.0344613 34
  421.12157 0.0183173 18
  426.13762 0.0388078 39
  429.12002 0.0242161 24
  432.15219 0.0776156 78
  435.14065 0.14126 141
  435.22698 0.00931388 9
  437.14139 0.028873 29
  441.16350 0.0145917 15
  442.13326 0.0257684 26
  446.12980 0.0546414 55
  452.25857 0.0133499 13
  452.57797 0.00838249 8
  458.16575 0.0235952 24
  459.17077 0.024837 25
  462.16216 0.037566 38
  475.16207 0.0366346 37
  499.20429 0.0412915 41
  516.20985 0.0291835 29
//