ACCESSION: MycoMSB-HZI-002300
RECORD_TITLE: Zearalenone; timsTOF; MS2; CE:32.27906976744186; [M+H]+
DATE: 2026.06.26
AUTHORS: Charrià-Girón E, Surup F
LICENSE: CC BY
COPYRIGHT: Helmholtz Centre for Infection Research (HZI)
PUBLICATION: doi:10.1016/j.tet.2016.08.048
SP$SCIENTIFIC_NAME: Fusarium sp. PSU-ES123
COMMENT: Converted from Bruker MetaboScape .library export
CH$NAME: Zearalenone
CH$COMPOUND_CLASS: Polyketides
CH$FORMULA: C18H22O5
CH$EXACT_MASS: 318.1467
CH$SMILES: CC1(CCCC(CCCC(=C(C2=CC(=CC(=C2C(=O)O1)O)O)[H])[H])=O)[H]
CH$IUPAC: InChI=1S/C18H22O5/c1-12-6-5-9-14(19)8-4-2-3-7-13-10-15(20)11-16(21)17(13)18(22)23-12/h3,7,10-12,20-21H,2,4-6,8-9H2,1H3
CH$LINK: INCHIKEY MBMQEIFVQACCCH-LBPRGKRZSA-N
AC$INSTRUMENT: timsTOF Pro, Bruker Daltonics
AC$INSTRUMENT_TYPE: TIMS-TOF
AC$MASS_SPECTROMETRY: MS_TYPE MS2
AC$MASS_SPECTROMETRY: ION_MODE POSITIVE
AC$MASS_SPECTROMETRY: COLLISION_ENERGY 32.27906976744186
AC$MASS_SPECTROMETRY: CCS 153.45521545410156
MS$FOCUSED_ION: BASE_PEAK 319.15400
MS$FOCUSED_ION: PRECURSOR_M/Z 319.15400
MS$FOCUSED_ION: PRECURSOR_TYPE [M+H]+
MS$DATA_PROCESSING: Converted with library_to_massbank.py
PK$SPLASH: splash10-0f79-0960000000-d9c5acaa7e4483f32104
PK$NUM_PEAK: 184
PK$PEAK: m/z int. rel.int.
  115.05476 0.0225166 22
  119.04679 0.00976821 10
  119.08605 0.0193709 19
  123.04503 0.0498344 50
  123.42646 0.00860927 9
  128.06119 0.0693709 69
  129.07125 0.0753311 75
  131.08371 0.034106 34
  131.08909 0.0177152 18
  132.05546 0.0289735 29
  133.06651 0.0417219 42
  133.07192 0.0182119 18
  133.10260 0.0153974 15
  135.04356 0.0375828 38
  137.02265 0.0379139 38
  137.06027 0.0193709 19
  137.09690 0.0289735 29
  141.06292 0.039404 39
  141.06958 0.0837748 84
  142.07537 0.0286424 29
  146.07173 0.0415563 42
  147.04531 0.126159 126
  147.08383 0.0178808 18
  148.04530 0.0208609 21
  149.05764 0.0150662 15
  149.06528 0.0160596 16
  151.05614 0.014404 14
  151.07729 0.0233444 23
  151.10998 0.039404 39
  151.11959 0.0220199 22
  155.08334 0.0389073 39
  155.08918 0.0173841 17
  156.09206 0.0157285 16
  157.06329 0.339901 340
  159.08254 0.0142384 14
  160.05206 0.0695364 69
  160.08239 0.0165563 17
  161.02385 0.0177152 18
  161.05991 0.324172 324
  161.06673 0.139073 139
  162.02381 0.0140728 14
  162.06363 0.0205298 21
  163.03771 0.036755 37
  163.07679 0.0347682 35
  164.03902 0.0152318 15
  165.01858 0.0523179 52
  165.05632 0.0142384 14
  166.02839 0.0233444 23
  167.05183 0.0160596 16
  167.08620 0.025 25
  168.05002 0.00728477 7
  169.06426 0.184934 185
  169.80657 0.00728477 7
  170.06937 0.0860927 86
  170.13694 0.00844371 8
  171.03995 0.0162252 16
  171.11565 0.0134106 13
  173.06237 0.0746689 75
  175.03828 0.185927 186
  175.05235 0.0157285 16
  175.07545 0.34106 341
  175.60122 0.00562914 6
  176.01810 0.00778146 8
  177.04478 0.022351 22
  177.05454 0.110265 110
  177.09116 0.10298 103
  177.13637 0.010596 11
  177.20716 0.0110927 11
  178.45036 0.00513245 5
  179.07201 0.0360927 36
  179.08615 0.0152318 15
  181.06556 0.0137417 14
  183.07700 0.0110927 11
  185.06001 0.837252 836
  185.07828 0.00513245 5
  185.09956 0.0107616 11
  185.73428 0.00728477 7
  186.06452 0.136755 137
  186.07979 0.0173841 17
  186.50252 0.00711921 7
  187.04336 0.015894 16
  187.07528 0.604305 604
  188.07884 0.0607616 61
  189.05484 0.53096 530
  189.08765 0.00711921 7
  189.14788 0.0119205 12
  189.54823 0.00927152 9
  190.00506 0.00662252 7
  190.06071 0.0943709 94
  191.05872 0.0140728 14
  193.05055 0.0251656 25
  193.08782 0.0182119 18
  193.39007 0.0137417 14
  195.08176 0.0115894 12
  195.88658 0.00645695 6
  196.08586 0.0182119 18
  197.05908 0.0428808 43
  199.07616 0.0956954 96
  199.15776 0.0115894 12
  200.07933 0.0155629 16
  201.09162 0.0399007 40
  203.07030 1 999
  203.08162 0.0461921 46
  203.09025 0.0057947 6
  204.07260 0.199503 199
  204.25612 0.00960265 10
  205.04868 0.0672185 67
  205.08645 0.218543 218
  205.19389 0.00877483 9
  206.05281 0.0195364 20
  206.09056 0.0516556 52
  207.07137 0.0251656 25
  209.05916 0.00778146 8
  209.07047 0.0218543 22
  209.09535 0.0127483 13
  212.08029 0.0235099 23
  212.87604 0.0140728 14
  213.05393 0.181457 181
  213.06323 0.00844371 8
  213.09099 0.0713576 71
  213.12488 0.0203642 20
  214.05999 0.0442053 44
  214.09650 0.0102649 10
  214.12854 0.010596 11
  215.06968 0.264735 264
  215.10919 0.0721854 72
  215.48803 0.00711921 7
  216.10845 0.0112583 11
  216.14524 0.0157285 16
  217.08874 0.0377483 38
  218.08592 0.0372517 37
  218.09285 0.0206954 21
  221.08125 0.0890728 89
  223.07551 0.068543 68
  224.11685 0.0152318 15
  225.08737 0.0231788 23
  226.06469 0.0112583 11
  227.03941 0.00513245 5
  227.06916 0.100166 100
  227.10862 0.0291391 29
  227.47094 0.00976821 10
  228.07765 0.0751656 75
  228.08473 0.0124172 12
  229.08419 0.102483 102
  229.12062 0.013245 13
  230.08830 0.0309603 31
  231.06386 0.265728 265
  232.07227 0.0192053 19
  232.08743 0.00695364 7
  233.08220 0.0165563 17
  237.09219 0.0175497 18
  237.70194 0.00645695 6
  238.13141 0.00811258 8
  239.10709 0.0476821 48
  240.07990 0.039404 39
  241.08530 0.159272 159
  241.11779 0.0417219 42
  241.12322 0.0417219 42
  243.09911 0.0316225 32
  246.08755 0.0114238 11
  247.09464 0.0104305 10
  247.10940 0.0153974 15
  248.10379 0.0165563 17
  249.07303 0.0165563 17
  250.11836 0.0107616 11
  253.08830 0.0147351 15
  254.09353 0.0253311 25
  255.10047 0.0104305 10
  255.13545 0.0188742 19
  257.14570 0.0135762 14
  259.09334 0.00778146 8
  260.10145 0.017053 17
  264.13311 0.00529801 5
  265.12076 0.0846026 85
  266.12421 0.0370861 37
  281.11506 0.0150662 15
  283.13277 0.202483 202
  283.14601 0.017053 17
  284.13584 0.040894 41
  285.15258 0.00645695 6
  301.02034 0.014404 14
  301.14251 0.125 125
  302.15311 0.0150662 15
  318.18489 0.00827815 8
//