ACCESSION: MycoMSB-HZI-003220
RECORD_TITLE: Methylvermelhotin; timsTOF; MS2; CE:32.18604651162791; [M+H]+
DATE: 2026.06.26
AUTHORS: Charrià-Girón E, Surup F
LICENSE: CC BY
COPYRIGHT: Helmholtz Centre for Infection Research (HZI)
PUBLICATION: doi:10.1016/j.funbio.2013.12.003
COMMENT: Converted from Bruker MetaboScape .library export
CH$NAME: Methylvermelhotin
CH$COMPOUND_CLASS: Polyketides
CH$FORMULA: C13H13NO3
CH$EXACT_MASS: 231.0895
CH$SMILES: CC(=C(C1=C(C)C=CC(=C2C(CN=C2O)=O)O1)[H])[H]
CH$IUPAC: InChI=1S/C13H13NO3/c1-3-4-10-8(2)5-6-11(17-10)12-9(15)7-14-13(12)16/h3-6H,7H2,1-2H3,(H,14,16)
CH$LINK: INCHIKEY NBLRSPCFGYCXHJ-UHFFFAOYSA-N
SP$SCIENTIFIC_NAME: Hypoxylon lechatii
AC$INSTRUMENT: timsTOF Pro, Bruker Daltonics
AC$INSTRUMENT_TYPE: TIMS-TOF
AC$MASS_SPECTROMETRY: MS_TYPE MS2
AC$MASS_SPECTROMETRY: ION_MODE POSITIVE
AC$MASS_SPECTROMETRY: COLLISION_ENERGY 32.18604651162791
AC$MASS_SPECTROMETRY: CCS 153.2757568359375
MS$FOCUSED_ION: BASE_PEAK 232.09682
MS$FOCUSED_ION: PRECURSOR_M/Z 232.09682
MS$FOCUSED_ION: PRECURSOR_TYPE [M+H]+
MS$DATA_PROCESSING: Converted with library_to_massbank.py
PK$SPLASH: splash10-0a4i-0950000000-92e2282a1afa3191c9fb
PK$NUM_PEAK: 95
PK$PEAK: m/z int. rel.int.
  115.05389 0.0843621 84
  116.06104 0.0384895 38
  117.06998 0.0398209 40
  118.04231 0.00641491 6
  118.06440 0.00708061 7
  118.07449 0.0323771 32
  119.04714 0.00810942 8
  119.05738 0.00829097 8
  119.08608 0.0236626 24
  121.06270 0.00853304 9
  122.06127 0.00593077 6
  123.07783 0.00774631 8
  123.08477 0.00635439 6
  126.02065 0.0146454 15
  127.05379 0.0456306 46
  128.06238 0.0891431 89
  129.06945 0.078855 79
  130.06544 0.00810942 8
  130.07793 0.00695957 7
  131.04831 0.0333454 33
  131.08489 0.0585209 58
  132.05623 0.0321956 32
  132.08901 0.0110748 11
  133.02742 0.00683854 7
  133.06424 0.0498063 50
  133.07073 0.00992496 10
  133.10017 0.0177923 18
  134.06321 0.00889615 9
  134.10306 0.00514403 5
  135.04529 0.0214234 21
  135.07751 0.0366739 37
  137.05877 0.00665698 7
  141.06883 0.0548293 55
  142.07429 0.00526507 5
  143.07208 0.0195473 20
  143.07916 0.0138586 14
  143.08477 0.0138586 14
  143.09107 0.0145243 15
  144.05555 0.0400629 40
  144.08569 0.00599129 6
  145.02604 0.00683854 7
  145.06662 0.0591866 59
  145.09010 0.00653595 7
  146.07324 0.0289276 29
  147.07564 0.0371581 37
  147.08120 0.037037 37
  147.08850 0.00538611 5
  148.03668 0.00635439 6
  148.11092 0.00907771 9
  149.09294 0.00847252 8
  150.09162 0.00647543 6
  151.07434 0.0605786 61
  152.07907 0.0179739 18
  157.02866 0.00859356 9
  158.05940 0.00726216 7
  158.07906 0.00732268 7
  159.07994 0.109417 109
  160.06377 0.00780683 8
  160.08385 0.0669935 67
  160.08806 0.0669935 67
  161.08459 0.0182764 18
  161.09253 0.018458 18
  161.09849 0.0136771 14
  162.05765 0.0136166 14
  162.09472 0.00593077 6
  163.04186 0.0143428 14
  163.06205 0.00514403 5
  169.06283 0.0073832 7
  170.07102 0.00629388 6
  171.08000 0.00744372 7
  172.05093 0.0134955 13
  172.07240 0.00889615 9
  174.06805 0.00810942 8
  175.07478 0.3645 364
  176.07846 0.0626967 63
  176.10589 0.0665093 66
  177.09054 0.0295933 30
  177.11294 0.00919874 9
  186.09548 0.0140402 14
  187.07593 0.0208182 21
  187.09862 0.005023 5
  188.08200 0.00708061 7
  190.08668 0.0060518 6
  199.06045 0.00714113 7
  204.10223 0.137376 137
  204.98322 0.00526507 5
  205.05042 0.00532559 5
  205.08609 1 999
  205.10455 0.0152505 15
  206.08953 0.145243 145
  214.08510 0.00732268 7
  215.09333 0.00514403 5
  217.07771 0.0067175 7
  232.09575 0.0932583 93
  233.10315 0.0110143 11
//