ACCESSION: MycoMSB-HZI-000413
RECORD_TITLE: Dihydropleurotinic acid; timsTOF; MS2; CE:34.3; [M+H-H2O]+
DATE: 2026.06.26
AUTHORS: Unknown
LICENSE: CC BY
COPYRIGHT: Helmholtz Centre for Infection Research (HZI)
SP$SCIENTIFIC_NAME: Hohenbuehelia grisea MFLUCC 12-0451
PUBLICATION: doi:10.3390/molecules23102697
COMMENT: Converted from Bruker MetaboScape .library export
CH$NAME: Dihydropleurotinic acid
CH$FORMULA: C21H24O5
CH$EXACT_MASS: 356.1624
CH$SMILES: C[C@H]1CO[C@@H]2C3=C(C[C@H]4[C@H](C(=O)O)CC[C@@H]5C1CC[C@]254)C(=O)C=CC3=O
CH$IUPAC: InChI=1S/C21H24O5/c1-10-9-26-19-18-13(16(22)4-5-17(18)23)8-15-12(20(24)25)2-3-14-11(10)6-7-21(14,15)19/h4-5,10-12,14-15,19H,2-3,6-9H2,1H3,(H,24,25)/t10-,11?,12+,14+,15-,19+,21-/m0/s1
CH$LINK: INCHIKEY WIDYUZWPFIHVCW-WVHDAOKDSA-N
AC$INSTRUMENT: timsTOF Pro, Bruker Daltonics
AC$INSTRUMENT_TYPE: timsTOF
AC$MASS_SPECTROMETRY: MS_TYPE MS2
AC$MASS_SPECTROMETRY: ION_MODE POSITIVE
AC$MASS_SPECTROMETRY: COLLISION_ENERGY 34.348837209302324
AC$MASS_SPECTROMETRY: CCS 180.60096740722656
MS$FOCUSED_ION: BASE_PEAK 339.15909
MS$FOCUSED_ION: PRECURSOR_M/Z 339.15909
MS$FOCUSED_ION: PRECURSOR_TYPE [M+H-H2O]+
MS$DATA_PROCESSING: Converted with library_to_massbank.py
PK$SPLASH: splash10-0f79-0391000000-706c74f26e0e1dd1e9fb
PK$NUM_PEAK: 345
PK$PEAK: m/z int. rel.int.
  115.05423 0.0289994 29
  116.05546 0.0149003 15
  116.06557 0.0116158 12
  117.07044 0.0221101 22
  119.08609 0.0488665 49
  121.10026 0.032364 32
  123.04428 0.0575182 57
  124.05149 0.0108948 11
  128.06174 0.0186654 19
  129.06847 0.0255548 26
  129.07287 0.0255548 26
  131.05019 0.0114556 11
  131.08538 0.0413362 41
  131.09317 0.00865177 9
  133.06512 0.00817111 8
  133.10160 0.0633662 63
  134.10299 0.00881198 9
  134.11386 0.00728991 7
  135.04477 0.00632861 6
  135.08113 0.00672915 7
  137.05735 0.0320436 32
  137.06234 0.0320436 32
  139.05505 0.0089722 9
  141.07042 0.0540735 54
  142.07795 0.00720981 7
  143.04915 0.00568774 6
  143.08728 0.0571978 57
  144.05746 0.00921253 9
  145.06399 0.0267564 27
  145.10096 0.0633662 63
  145.10608 0.0560763 56
  147.04567 0.0422174 42
  147.07895 0.00785068 8
  148.04953 0.00993351 10
  149.03748 0.00600817 6
  149.06056 0.0690539 69
  149.09409 0.0174638 17
  149.10624 0.00873188 9
  150.06472 0.00929264 9
  151.04165 0.00857166 9
  151.05319 0.00833133 8
  151.07434 0.00785068 8
  152.06159 0.0089722 9
  153.07076 0.0877193 88
  154.07495 0.00857166 9
  157.10504 0.00865177 9
  159.04217 0.00953296 10
  159.07965 0.00576784 6
  159.08952 0.0103341 10
  160.04983 0.0105744 11
  161.05952 0.127533 127
  161.06862 0.0192261 19
  161.07458 0.0112153 11
  162.06276 0.00728991 7
  163.07594 0.00528719 5
  163.11389 0.0296403 30
  165.07255 0.0248338 25
  166.07071 0.0308419 31
  167.08454 0.0477449 48
  169.06263 0.0133782 13
  169.10243 0.0159417 16
  170.10405 0.0138588 14
  170.11374 0.00905231 9
  171.04446 0.0910038 91
  171.05148 0.00688937 7
  171.07862 0.0239526 24
  171.12105 0.00801089 8
  172.04925 0.00817111 8
  173.06097 0.101979 102
  173.09724 0.0185853 19
  173.10342 0.00857166 9
  175.03936 0.0354082 35
  175.05167 0.00656893 7
  175.07452 0.0540735 54
  176.05894 0.00769046 8
  176.08028 0.0151406 15
  177.05476 0.0611231 61
  177.06316 0.0314027 31
  178.06128 0.0104943 10
  178.08006 0.00688937 7
  179.08553 0.00704959 7
  179.10646 0.00905231 9
  180.05604 0.0101738 10
  180.09173 0.00921253 9
  181.05650 0.00977329 10
  181.06465 0.141713 142
  181.10117 0.0827525 83
  182.04715 0.00512697 5
  182.06866 0.023552 24
  182.07363 0.023552 24
  182.10203 0.00608828 6
  183.07220 0.00929264 9
  183.08137 0.0252343 25
  183.09972 0.0108948 11
  183.11877 0.00769046 8
  184.05258 0.0215493 22
  185.06207 0.0545542 54
  186.06220 0.00945286 9
  187.07543 0.121685 122
  188.07654 0.0381319 38
  189.05648 0.0185853 19
  189.06997 0.0140992 14
  189.09261 0.0126572 13
  189.12590 0.00584795 6
  190.07610 0.0357286 36
  191.08041 0.0342065 34
  191.10772 0.0302011 30
  192.10836 0.0165024 16
  192.11486 0.00745013 7
  193.06377 0.0253144 25
  193.10174 0.033085 33
  194.07331 0.00793079 8
  194.10818 0.0062485 6
  195.07933 0.0710566 71
  195.09449 0.00720981 7
  195.11643 0.0161019 16
  196.08111 0.0134583 13
  196.08768 0.00953296 10
  196.12273 0.0128975 13
  197.06063 0.0292398 29
  197.09542 0.0128174 13
  198.06740 0.0165024 16
  198.10144 0.00825122 8
  198.11025 0.00881198 9
  199.03854 0.199952 200
  199.04621 0.0741809 74
  199.07551 0.762637 762
  199.11216 0.013939 14
  199.11745 0.013939 14
  200.04435 0.0140191 14
  200.07947 0.109188 109
  201.05504 0.163022 163
  201.06485 0.0173836 17
  201.07151 0.0106545 11
  201.09107 0.0889209 89
  202.05532 0.00953296 10
  202.07912 0.0157014 16
  202.09090 0.0112153 11
  203.08834 0.00737002 7
  204.07707 0.0100937 10
  204.09718 0.0160218 16
  205.04924 0.0732997 73
  205.06820 0.00881198 9
  205.10402 0.0615237 61
  205.11301 0.013939 14
  206.10582 0.0151406 15
  207.11619 0.00785068 8
  208.08759 0.00793079 8
  209.05698 0.0439798 44
  209.09619 0.0672114 67
  209.13364 0.00737002 7
  210.06691 0.0769847 77
  210.10141 0.0201875 20
  210.14149 0.0114556 11
  211.06540 0.0230714 23
  211.07548 0.371866 371
  211.08586 0.0089722 9
  211.11086 0.00761035 8
  211.14722 0.00704959 7
  212.04828 0.00560763 6
  212.08415 0.0532725 53
  213.05351 0.0539934 54
  213.09068 0.115357 115
  214.06136 0.0177842 18
  214.09764 0.0380518 38
  215.06727 0.0266763 27
  215.10467 0.00945286 9
  216.09150 0.0131379 13
  217.04763 0.00913242 9
  217.08450 0.0703357 70
  217.13982 0.00761035 8
  218.07411 0.0177842 18
  218.09052 0.00937275 9
  219.06721 0.0179444 18
  219.08020 0.101498 101
  219.11739 0.0266763 27
  219.13360 0.00544741 5
  220.07009 0.0108948 11
  220.08663 0.0185052 18
  220.12346 0.00857166 9
  221.05964 0.0251542 25
  221.09531 0.0236321 24
  222.10278 0.0217896 22
  223.07445 0.386205 386
  223.10877 0.0185853 19
  223.11630 0.0195466 20
  223.14850 0.00977329 10
  223.16252 0.0098534 10
  224.07363 0.0169831 17
  224.08415 0.0669711 67
  224.09117 0.00849155 8
  224.14972 0.0138588 14
  225.08939 0.137547 137
  225.12627 0.0109749 11
  226.06010 0.00656893 7
  226.09433 0.0219499 22
  227.07035 0.0491869 49
  227.10599 0.0392534 39
  228.07307 0.00720981 7
  229.08455 0.0175439 18
  230.09021 0.00993351 10
  231.06407 0.0172234 17
  231.07833 0.00881198 9
  232.06619 0.00793079 8
  232.08287 0.00769046 8
  233.09526 0.148362 148
  233.10631 0.00504686 5
  233.13258 0.00785068 8
  234.09814 0.0321237 32
  235.10956 0.0128174 13
  236.08204 0.097092 97
  236.09397 0.00753024 8
  236.10599 0.0143395 14
  236.11450 0.00921253 9
  237.05489 0.0743411 74
  237.07936 0.0118561 12
  237.09084 0.872146 871
  237.12421 0.0188256 19
  237.13047 0.0188256 19
  238.09501 0.206601 206
  238.13172 0.00761035 8
  239.06278 0.027237 27
  239.07117 0.0462229 46
  239.10618 0.0975727 97
  240.11035 0.00568774 6
  241.08816 0.00929264 9
  242.05695 0.0156212 16
  243.06958 0.0208283 21
  244.08728 0.0150605 15
  244.09461 0.00817111 8
  245.07916 0.102539 102
  245.09440 0.0193864 19
  246.10027 0.0101738 10
  246.10763 0.00656893 7
  247.07543 0.00720981 7
  247.11525 0.0251542 25
  247.14920 0.00680926 7
  248.08702 0.00608828 6
  248.11905 0.0108948 11
  248.14862 0.00640872 6
  249.09022 0.0952495 95
  249.12967 0.00993351 10
  250.06445 0.00857166 9
  250.09874 0.234639 234
  250.11811 0.0138588 14
  251.06231 0.0293199 29
  251.07059 0.0389329 39
  251.08709 0.0168229 17
  251.10693 1 999
  251.13171 0.00688937 7
  252.07456 0.0144196 14
  252.11073 0.16879 169
  253.08561 0.0162621 16
  253.09632 0.00608828 6
  253.12103 0.115117 115
  254.12264 0.0145798 15
  254.13761 0.00977329 10
  255.06640 0.047024 47
  255.10040 0.021309 21
  256.07387 0.00857166 9
  257.08016 0.0206681 21
  257.09019 0.0162621 16
  257.14132 0.00672915 7
  259.09904 0.00905231 9
  260.13240 0.00745013 7
  261.09187 0.134503 134
  262.09538 0.0559962 56
  263.06466 0.00801089 8
  263.10568 0.056637 57
  264.07793 0.00817111 8
  264.11426 0.0549547 55
  265.08899 0.0825122 82
  265.12201 0.417127 417
  265.13370 0.0393335 39
  266.08735 0.00937275 9
  266.12598 0.121525 121
  266.15880 0.00568774 6
  267.13504 0.0252343 25
  269.08140 0.0378915 38
  270.08533 0.00648882 6
  271.09399 0.00512697 5
  271.10944 0.00544741 5
  272.09937 0.0143395 14
  272.12259 0.00761035 8
  273.09368 0.00520708 5
  275.10675 0.109429 109
  275.11678 0.0118561 12
  275.14077 0.0224305 22
  275.15262 0.00520708 5
  276.11194 0.011776 12
  276.15148 0.013218 13
  277.12114 0.045582 46
  277.15483 0.0141793 14
  278.09497 0.0244332 24
  278.13208 0.0914844 91
  279.10198 0.155331 155
  279.10962 0.0896419 90
  279.13887 0.0155411 16
  280.10730 0.0298806 30
  280.14194 0.0193864 19
  280.14848 0.0193864 19
  281.08201 0.0149804 15
  281.11782 0.0436594 44
  282.08471 0.00728991 7
  282.12412 0.0119362 12
  282.51048 0.00753024 8
  283.09612 0.120884 121
  283.12867 0.0168229 17
  284.10001 0.0172234 17
  284.10864 0.00672915 7
  285.10880 0.00769046 8
  285.11936 0.0107346 11
  289.11634 0.00504686 5
  290.13326 0.00680926 7
  291.13801 0.0244332 24
  293.04474 0.00737002 7
  293.11959 0.0474245 47
  293.15349 0.68413 683
  293.16840 0.0167428 17
  294.12039 0.0156212 16
  294.15718 0.155732 156
  295.09948 0.0104142 10
  295.16710 0.0292398 29
  296.10424 0.065449 65
  296.17566 0.0164223 16
  297.11145 0.0355684 36
  298.29744 0.00600817 6
  299.13311 0.0071297 7
  303.13686 0.024994 25
  303.16143 0.00737002 7
  304.14271 0.00512697 5
  310.12358 0.0193063 19
  311.12010 0.0331651 33
  311.12750 0.0331651 33
  311.13608 0.00688937 7
  311.16367 0.0053673 5
  321.15020 0.143155 143
  322.14970 0.0342065 34
  323.11923 0.00737002 7
  325.14125 0.0071297 7
  339.14762 0.0200272 20
  339.15894 0.621085 620
  339.17182 0.0305215 30
  339.18100 0.00720981 7
  340.16259 0.171593 171
//