ACCESSION: MycoMSB-HZI-000590
RECORD_TITLE: Rutilin A; timsTOF; MS2; CE:39.4; [M+H]+
DATE: 2026.06.26
AUTHORS: Unknown
LICENSE: CC BY
COPYRIGHT: Helmholtz Centre for Infection Research (HZI)
SP$SCIENTIFIC_NAME: Hypoxylon rutilum
PUBLICATION: doi:10.1016/j.tet.2005.06.077
COMMENT: Converted from Bruker MetaboScape .library export
CH$NAME: Rutilin A
CH$COMPOUND_CLASS: Polyketides
CH$FORMULA: C44H40O16
CH$EXACT_MASS: 824.2316
CH$SMILES: CC1=CC(=CC(=C1C(=O)OC2(CC=3C=C(C(=C(C(=C4C=5C=C(C(=C(COC(C)=O)[H])[H])OCC5C(C(C)(C4=O)OC(C=6C(C)=CC(=CC6O)O)=O)=O)[H])[H])[H])OCC3C(C2(C)O)=O)[H])O)O
CH$IUPAC: InChI=1S/C44H40O16/c1-21-12-25(46)16-33(48)36(21)41(53)59-35-15-24-14-27(57-19-31(24)38(50)43(35,4)55)8-6-10-29-30-18-28(9-7-11-56-23(3)45)58-20-32(30)40(52)44(5,39(29)51)60-42(54)37-22(2)13-26(47)17-34(37)49/h6-10,12-14,16-18,35,46-49,55H,11,15,19-20H2,1-5H3
CH$LINK: INCHIKEY OQKLHNURLMVVRL-HLQXDFMSSA-N
AC$INSTRUMENT: timsTOF Pro, Bruker Daltonics
AC$INSTRUMENT_TYPE: timsTOF
AC$MASS_SPECTROMETRY: MS_TYPE MS2
AC$MASS_SPECTROMETRY: ION_MODE POSITIVE
AC$MASS_SPECTROMETRY: COLLISION_ENERGY 39.395348837209305
AC$MASS_SPECTROMETRY: CCS 275.7648010253906
MS$FOCUSED_ION: BASE_PEAK 825.23891
MS$FOCUSED_ION: PRECURSOR_M/Z 825.23891
MS$FOCUSED_ION: PRECURSOR_TYPE [M+H]+
MS$DATA_PROCESSING: Converted with library_to_massbank.py
PK$SPLASH: splash10-0a70-0105961000-f51ba1364300c3fb5efa
PK$NUM_PEAK: 192
PK$PEAK: m/z int. rel.int.
  124.04729 0.00593824 6
  151.03912 0.377738 377
  152.04304 0.0217736 22
  187.07711 0.0077857 8
  194.05577 0.00653207 7
  240.07060 0.00765373 8
  241.04831 0.00580628 6
  241.08717 0.00587226 6
  249.08718 0.00600422 6
  257.07480 0.00527844 5
  275.10943 0.00620216 6
  276.09881 0.00534442 5
  281.08021 0.00521246 5
  289.12767 0.00593824 6
  290.09280 0.0148456 15
  290.12061 0.0126023 13
  290.12860 0.00732383 7
  291.10190 0.00554236 6
  293.08017 0.00580628 6
  294.08791 0.00527844 5
  303.09609 0.0263922 26
  304.07222 0.00699393 7
  305.07876 0.00851148 9
  307.09607 0.0124703 12
  309.11450 0.00890736 9
  311.13916 0.0081156 8
  315.09722 0.0057403 6
  316.10872 0.00514648 5
  317.08285 0.00501452 5
  317.11623 0.0655186 65
  318.11564 0.0245447 25
  318.12471 0.0292293 29
  318.13659 0.00712589 7
  319.07472 0.00501452 5
  319.09872 0.017023 17
  320.09538 0.0054104 5
  321.10085 0.0110187 11
  321.11145 0.0186065 19
  325.08774 0.00567432 6
  327.10107 0.0306809 31
  327.14981 0.00752177 8
  328.10466 0.0174188 17
  330.08746 0.00943521 9
  330.12580 0.00692795 7
  331.08946 0.0171549 17
  331.13411 0.00923727 9
  332.09404 0.0054104 5
  334.13244 0.00692795 7
  337.11556 0.00659805 7
  338.11863 0.00646609 6
  339.13567 0.00580628 6
  340.14115 0.0108208 11
  342.12990 0.0111507 11
  343.09591 0.0453286 45
  343.13027 0.00567432 6
  344.10287 0.0219055 22
  345.09468 0.0160333 16
  345.11166 0.224663 224
  345.12665 0.00870942 9
  345.13537 0.00580628 6
  345.15571 0.00666403 7
  346.08141 0.0114806 11
  346.11482 0.0630773 63
  347.09093 0.0164951 16
  347.09968 0.00725785 7
  348.09997 0.00745579 7
  349.10344 0.013394 13
  354.12903 0.00547638 5
  355.10108 0.00646609 6
  355.13205 0.040446 40
  356.09563 0.010227 10
  356.13054 0.0057403 6
  357.11419 0.0050805 5
  357.14967 0.00560834 6
  358.11401 0.00699393 7
  359.12767 0.0490895 49
  359.13754 0.0378068 38
  360.12980 0.0226313 23
  361.10732 0.0238189 24
  362.11010 0.0217076 22
  363.10422 0.00864344 9
  363.12143 0.187516 187
  364.12425 0.0504091 50
  365.11115 0.013394 13
  366.12092 0.00851148 9
  368.10796 0.00613618 6
  369.11305 0.0176828 18
  370.10995 0.013394 13
  373.11175 0.0149776 15
  373.14196 0.0178807 18
  374.15491 0.0119425 12
  377.13806 0.010161 10
  378.14212 0.00679599 7
  379.11850 0.0244788 24
  380.12183 0.0057403 6
  381.13162 0.0221035 22
  383.12730 0.0502771 50
  384.13834 0.0273159 27
  385.13670 0.00527844 5
  386.10754 0.00547638 5
  387.12212 0.179995 180
  388.08929 0.0106229 11
  388.12555 0.0126683 13
  389.14079 0.00554236 6
  394.11524 0.00771971 8
  396.09769 0.0118105 12
  399.11873 0.00633413 6
  401.13834 0.145025 145
  401.16136 0.00653207 7
  402.14108 0.0225653 23
  405.13321 0.0482977 48
  406.13675 0.0224993 22
  409.16169 0.00824756 8
  411.12270 0.0376089 38
  412.12677 0.0407759 41
  415.15553 0.0158353 16
  419.14844 0.0432172 43
  420.15042 0.00673001 7
  423.14322 0.02019 20
  424.14845 0.0057403 6
  429.13344 0.234561 234
  429.15579 0.0112827 11
  430.13371 0.0998944 100
  431.14235 0.016825 17
  432.12327 0.00679599 7
  437.16488 0.00521246 5
  443.15014 0.124703 125
  444.15424 0.0449327 45
  445.16486 0.00567432 6
  447.14397 0.248482 248
  448.14697 0.0793745 79
  449.15148 0.0283716 28
  451.13852 0.00521246 5
  453.13082 0.0050805 5
  461.15874 0.170296 170
  462.15907 0.0326603 33
  463.16695 0.0197282 20
  464.15849 0.00613618 6
  465.15500 0.0397202 40
  466.16260 0.016957 17
  471.14419 0.199723 200
  471.16425 0.00857746 9
  471.17650 0.010095 10
  472.14431 0.0559514 56
  473.14660 0.0132621 13
  474.13273 0.0057403 6
  479.17004 0.134666 135
  480.17092 0.0715888 72
  488.14483 0.00659805 7
  489.15319 0.805292 804
  489.18786 0.00712589 7
  490.15796 0.257918 258
  491.15931 0.0471101 47
  491.46125 0.00527844 5
  507.13773 0.0112167 11
  507.16416 1 999
  507.18614 0.0128002 13
  508.16648 0.312615 312
  508.18567 0.0176828 18
  509.15052 0.00659805 7
  509.17157 0.0544999 54
  511.17433 0.00692795 7
  520.14695 0.00580628 6
  523.15508 0.00705991 7
  525.17401 0.567168 567
  525.20355 0.010227 10
  525.21286 0.010227 10
  526.17665 0.198733 199
  527.18037 0.0433492 43
  531.16026 0.0057403 6
  562.16323 0.0057403 6
  579.15331 0.00851148 9
  597.17718 0.0179467 18
  598.17395 0.0124043 12
  599.20350 0.00567432 6
  611.18623 0.0050805 5
  611.20557 0.00593824 6
  615.18545 0.00950119 9
  615.21848 0.00738981 7
  616.18747 0.0126023 13
  622.21414 0.00560834 6
  629.19947 0.0226313 23
  629.22581 0.00640011 6
  639.17329 0.0110187 11
  639.19145 0.00870942 9
  657.19319 0.0963315 96
  658.20033 0.0499472 50
  674.19876 0.00527844 5
  675.20583 0.197677 197
  676.21049 0.125429 125
  676.23045 0.0148456 15
  677.21241 0.0112827 11
//