ACCESSION: MycoMSB-HZI-000578
RECORD_TITLE: Colposetin A; timsTOF; MS2; CE:35.25581395348837; [M+H-H2O]+
DATE: 2026.06.26
AUTHORS: Unknown
LICENSE: CC BY
COPYRIGHT: Helmholtz Centre for Infection Research (HZI)
SP$SCIENTIFIC_NAME: Colpoma sp.
PUBLICATION: doi:10.3390/biom11060783
COMMENT: Converted from Bruker MetaboScape .library export
CH$NAME: Colposetin A
CH$FORMULA: C26H37NO7
CH$EXACT_MASS: 475.2570
CH$SMILES: CC(=O)O[C@H](C(=O)O)[C@@H](C)[C@@H]1C(C)=C[C@@H]2C[C@H](C)CC[C@H]2[C@]1(C)C(O)=C1C(=O)[C@@H](C)N(C)C1=O
CH$IUPAC: InChI=1S/C26H37NO7/c1-12-8-9-18-17(10-12)11-13(2)20(14(3)22(25(32)33)34-16(5)28)26(18,6)23(30)19-21(29)15(4)27(7)24(19)31/h11-12,14-15,17-18,20,22,30H,8-10H2,1-7H3,(H,32,33)/t12-,14+,15-,17+,18-,20+,22+,26+/m1/s1
CH$LINK: INCHIKEY XWTALPIXEKTSAZ-NXCOISIBSA-N
AC$INSTRUMENT: timsTOF Pro, Bruker Daltonics
AC$INSTRUMENT_TYPE: timsTOF
AC$MASS_SPECTROMETRY: MS_TYPE MS2
AC$MASS_SPECTROMETRY: ION_MODE POSITIVE
AC$MASS_SPECTROMETRY: COLLISION_ENERGY 35.25581395348837
AC$MASS_SPECTROMETRY: CCS 182.18154907226562
MS$FOCUSED_ION: BASE_PEAK 458.25371
MS$FOCUSED_ION: PRECURSOR_M/Z 458.25371
MS$FOCUSED_ION: PRECURSOR_TYPE [M+H-H2O]+
MS$DATA_PROCESSING: Converted with library_to_massbank.py
PK$SPLASH: splash10-0fk9-0397200000-45da840781e606ee93a7
PK$NUM_PEAK: 145
PK$PEAK: m/z int. rel.int.
  118.51293 0.00851466 9
  140.10376 0.133396 133
  149.12990 0.0785241 78
  154.04867 0.139073 139
  154.08487 0.305582 305
  157.10757 0.0652791 65
  166.59080 0.0577105 58
  168.18552 0.00851466 9
  173.13256 0.15894 159
  173.13874 0.076632 77
  173.97745 0.0983917 98
  174.13758 0.18543 185
  174.14461 0.107852 108
  174.76442 0.00851466 9
  177.12558 0.112583 112
  178.08451 0.0454115 45
  185.63161 0.00851466 9
  187.15212 0.104068 104
  190.09959 0.00851466 9
  201.13356 0.064333 64
  221.13147 0.103122 103
  225.11519 0.0435194 43
  225.16284 0.235572 235
  226.16549 0.0794702 79
  227.16164 0.0879849 88
  227.17815 0.0983917 98
  227.72781 0.00851466 9
  228.14581 0.114475 114
  229.41159 0.0170293 17
  230.02563 0.115421 115
  231.65358 0.00851466 9
  232.13236 0.177862 178
  238.15761 0.0491958 49
  241.12145 0.0624409 62
  242.15485 0.105014 105
  243.16850 0.0624409 62
  244.13783 0.0690634 69
  245.14828 0.00851466 9
  253.16162 0.166509 166
  254.16907 0.0879849 88
  259.15087 0.119205 119
  260.12629 0.0737938 74
  267.17170 0.0842006 84
  269.13633 0.064333 64
  270.15092 0.0823084 82
  271.16906 0.128666 129
  272.16170 0.344371 344
  272.17807 0.0832545 83
  274.17924 0.653737 653
  274.31383 0.00851466 9
  275.18078 0.188269 188
  276.57498 0.00851466 9
  278.17714 0.0633869 63
  282.15153 0.0690634 69
  285.55114 0.00851466 9
  289.16525 0.0567644 57
  291.49202 0.00851466 9
  294.90967 0.00851466 9
  296.16277 0.0605487 60
  296.20584 0.0927152 93
  297.16771 0.102176 102
  298.18244 0.0567644 57
  301.30491 0.00851466 9
  306.16005 0.0368969 37
  309.20287 0.0823084 82
  310.18284 0.0700095 70
  310.21314 0.0879849 88
  312.19524 0.507096 507
  312.20822 0.0482498 48
  314.23465 0.00851466 9
  320.16572 0.146641 146
  326.39523 0.00851466 9
  327.90320 0.00851466 9
  329.17055 0.0709555 71
  331.18858 0.0908231 91
  332.19421 0.0794702 79
  332.49363 0.00851466 9
  337.19925 0.0227058 23
  338.16505 0.0633869 63
  342.23592 0.0624409 62
  352.22760 1 999
  352.24218 0.0756859 76
  354.13533 0.00851466 9
  354.24130 0.0974456 97
  357.20920 0.0529801 53
  370.23766 0.33018 330
  370.95593 0.00851466 9
  371.24219 0.141911 142
  371.95682 0.0179754 18
  381.22096 0.0728477 73
  385.81279 0.0208136 21
  388.24384 0.0444655 44
  398.23470 0.178808 179
  399.24363 0.0936613 94
  416.21968 0.089877 90
  417.25108 0.0804163 80
  418.36054 0.0264901 26
  440.20243 0.0879849 88
  440.24838 0.089877 90
  445.92479 0.00851466 9
  457.18600 0.0813623 81
  457.27630 0.0879849 88
  458.25198 0.190161 190
  459.14131 0.0842006 84
  459.25863 0.0700095 70
  464.62761 0.00851466 9
  471.58565 0.00851466 9
  473.21754 0.00851466 9
  504.01075 0.00851466 9
  506.27833 0.00851466 9
  534.72506 0.00851466 9
  537.18752 0.00851466 9
  540.44080 0.00851466 9
  562.27154 0.00851466 9
  584.57990 0.00851466 9
  672.83572 0.00851466 9
  720.28834 0.00851466 9
  721.26262 0.00851466 9
  724.35780 0.00851466 9
  727.94909 0.00851466 9
  733.00537 0.00851466 9
  744.33075 0.00851466 9
  766.03363 0.00851466 9
  774.48603 0.00851466 9
  812.71449 0.00851466 9
  859.40434 0.00851466 9
  890.23451 0.00851466 9
  912.79663 0.00851466 9
  948.46945 0.00851466 9
  949.33677 0.00851466 9
  1019.84725 0.00851466 9
  1060.27796 0.00851466 9
  1280.79964 0.00851466 9
  1281.70108 0.00851466 9
  1316.47458 0.00851466 9
  1337.67190 0.00851466 9
  1346.97887 0.00851466 9
  1357.47049 0.00851466 9
  1532.78327 0.00851466 9
  1627.18098 0.00851466 9
  1711.71738 0.00851466 9
  1755.29948 0.00851466 9
  1773.43374 0.00851466 9
  1774.83711 0.00851466 9
  1786.84433 0.00851466 9
//