ACCESSION: MycoMSB-HZI-000990
RECORD_TITLE: Myrocin B; timsTOF; MS2; CE:32.9; [M+H-2H2O]+
DATE: 2026.06.26
AUTHORS: Unknown
LICENSE: CC BY
COPYRIGHT: Helmholtz Centre for Infection Research (HZI)
SP$SCIENTIFIC_NAME: Myrothecium verrucaria
PUBLICATION: doi:10.1271/bbb1961.52.1305
COMMENT: Converted from Bruker MetaboScape .library export
CH$NAME: Myrocin B
CH$COMPOUND_CLASS: Terpenoids
CH$FORMULA: C20H22O6
CH$EXACT_MASS: 358.1416
CH$SMILES: C[C@]12CC[C@H]3C[C@@]34[C@H]1[C@@](C(=O)C5=C[C@@](CC(=O)[C@]45O)(C)C=C)(OC2=O)O
CH$IUPAC: InChI=1S/C20H22O6/c1-4-16(2)8-11-13(22)20(25)14-17(3,15(23)26-20)6-5-10-7-18(10,14)19(11,24)12(21)9-16/h4,8,10,14,24-25H,1,5-7,9H2,2-3H3/t10-,14-,16+,17-,18-,19-,20+/m0/s1
CH$LINK: INCHIKEY ZALWBYOUGDMNTP-RXSCCBSPSA-N
AC$INSTRUMENT: timsTOF Pro, Bruker Daltonics
AC$INSTRUMENT_TYPE: timsTOF
AC$MASS_SPECTROMETRY: MS_TYPE MS2
AC$MASS_SPECTROMETRY: ION_MODE POSITIVE
AC$MASS_SPECTROMETRY: COLLISION_ENERGY 32.906976744186046
AC$MASS_SPECTROMETRY: CCS 158.7279510498047
MS$FOCUSED_ION: BASE_PEAK 323.12779
MS$FOCUSED_ION: PRECURSOR_M/Z 323.12779
MS$FOCUSED_ION: PRECURSOR_TYPE [M+H-2H2O]+
MS$DATA_PROCESSING: Converted with library_to_massbank.py
PK$SPLASH: splash10-006t-0191000000-61c84813ab9b5953e491
PK$NUM_PEAK: 248
PK$PEAK: m/z int. rel.int.
  105.06988 0.0182835 18
  128.06021 0.019648 20
  129.06939 0.0114613 11
  132.08832 0.0143266 14
  133.06630 0.0176013 18
  141.07571 0.0132351 13
  143.08563 0.0121435 12
  144.05593 0.0188293 19
  145.09846 0.0200573 20
  146.10447 0.0186929 19
  155.08427 0.0248329 25
  161.06041 0.0272889 27
  163.07455 0.0185564 19
  165.06966 0.0414791 41
  166.08057 0.0242871 24
  168.05995 0.0161004 16
  169.10183 0.0219675 22
  170.07349 0.0163733 16
  173.06072 0.0121435 12
  174.07049 0.0182835 18
  175.07309 0.0477555 48
  175.07824 0.0477555 48
  176.06980 0.00859599 9
  177.06541 0.0121435 12
  178.07674 0.0578524 58
  178.08470 0.0103698 10
  179.08445 0.0197844 20
  180.09887 0.0401146 40
  181.06328 0.027016 27
  181.10117 0.00914177 9
  182.10877 0.0161004 16
  183.56183 0.00627644 6
  184.05595 0.00654932 7
  185.06183 0.0409333 41
  185.09651 0.0451631 45
  187.07529 0.0125529 13
  188.07790 0.0133715 13
  189.05308 0.0145995 15
  191.08605 0.0724519 72
  192.09296 0.0723155 72
  193.10204 0.0818666 82
  194.10624 0.0132351 13
  195.07840 0.0914177 91
  195.08333 0.0914177 91
  195.11438 0.0189658 19
  195.12094 0.00859599 9
  196.05285 0.0218311 22
  196.08898 0.0304271 30
  196.12732 0.0191022 19
  197.06383 0.0193751 19
  197.07701 0.00927821 9
  197.13317 0.0413426 41
  198.06913 0.0345204 34
  198.09943 0.0139173 14
  198.35269 0.00641288 6
  199.07431 0.0214217 21
  199.10904 0.0170555 17
  201.05390 0.00764088 8
  202.08213 0.0166462 17
  202.10436 0.0161004 16
  203.08622 0.0302906 30
  205.06604 0.0120071 12
  206.10745 0.143949 144
  206.11793 0.0118707 12
  207.06896 0.0083231 8
  207.07979 0.0200573 20
  207.11032 0.0409333 41
  207.11355 0.0409333 41
  207.12974 0.0186929 19
  208.09051 0.0452995 45
  208.11921 0.0271524 27
  208.12715 0.0289262 29
  209.06127 0.0106427 11
  209.09524 0.0784555 78
  210.10432 0.0547141 55
  210.11201 0.0180106 18
  211.07529 0.0502115 50
  211.11326 0.0511666 51
  211.14720 0.0170555 17
  213.05460 0.0407968 41
  213.08607 0.0201938 20
  213.09961 0.00723155 7
  215.07037 0.0429799 43
  215.08285 0.0260609 26
  216.07610 0.00859599 9
  216.09450 0.0229226 23
  218.07883 0.00927821 9
  218.11348 0.0118707 12
  219.08010 0.0563515 56
  219.11569 0.0246964 25
  220.08865 0.0802292 80
  220.11168 0.0107791 11
  220.11865 0.00941465 9
  221.09211 0.069723 70
  221.09908 0.0395688 40
  221.13354 0.0863692 86
  222.09802 0.0103698 10
  222.10671 0.020876 21
  222.14231 0.0144631 14
  223.07471 0.0469368 47
  223.10855 0.00723155 7
  224.08126 0.0582617 58
  224.11983 0.0459817 46
  224.15182 0.00845954 8
  224.17992 0.00845954 8
  225.08587 0.112839 113
  225.09146 0.112839 113
  225.12864 0.0485742 49
  226.05982 0.0132351 13
  226.09822 0.0322008 32
  226.73294 0.00695866 7
  227.06988 0.0163733 16
  229.08730 0.0121435 12
  231.11907 0.0425706 43
  232.12027 0.0156911 16
  233.09635 0.0124164 12
  233.12762 0.0410697 41
  233.13399 0.0410697 41
  234.06695 0.0114613 11
  234.10508 0.105335 105
  235.07360 0.0414791 41
  235.10192 0.0442079 44
  235.11076 0.102333 102
  235.11871 0.00900532 9
  236.08088 0.0515759 52
  236.09111 0.01228 12
  236.11849 0.0369764 37
  236.70679 0.00845954 8
  237.09098 0.158139 158
  237.12838 0.0327466 33
  238.05881 0.0136444 14
  238.09767 0.0875972 88
  238.10375 0.0875972 88
  239.06962 0.0680857 68
  239.08563 0.00927821 9
  239.10672 0.0960568 96
  239.14406 0.168782 169
  240.07863 0.033156 33
  240.10878 0.0238777 24
  241.08888 0.0452995 45
  241.09975 0.0200573 20
  243.06623 0.014736 15
  244.08912 0.0139173 14
  245.09093 0.0255151 25
  247.11525 0.0304271 30
  248.08459 0.0407968 41
  248.55961 0.00695866 7
  248.88771 0.00695866 7
  249.09014 0.109155 109
  249.12582 0.362942 363
  249.28517 0.00559421 6
  249.84116 0.00573066 6
  250.09146 0.0387502 39
  250.09824 0.0387502 39
  250.11320 0.00941465 9
  250.12992 0.0865057 86
  251.06750 0.0618093 62
  251.10816 0.0533497 53
  251.11820 0.03684 37
  251.13345 0.0199209 20
  251.14088 0.00996043 10
  252.11246 0.143539 143
  253.08556 0.0910083 91
  253.12166 0.131259 131
  253.13039 0.0223769 22
  254.09310 0.0394324 39
  254.12476 0.0365671 37
  255.34765 0.00504844 5
  259.11273 0.0993314 99
  259.12333 0.015964 16
  260.11783 0.0180106 18
  261.08874 0.0517124 52
  261.09550 0.0517124 52
  262.08785 0.0347933 35
  262.09959 0.115568 115
  263.06623 0.0141902 14
  263.10673 0.179288 179
  264.07949 0.02456 25
  264.11102 0.0433893 43
  264.11972 0.0332924 33
  265.08440 0.0624915 62
  265.12525 0.0211489 21
  266.09274 0.101924 102
  266.12893 0.0237413 24
  266.72205 0.00859599 9
  267.06286 0.0600355 60
  267.10028 0.133715 134
  267.11304 0.00982399 10
  267.13753 0.294992 295
  267.78326 0.00641288 6
  268.10282 0.0496657 50
  268.11100 0.0083231 8
  268.14150 0.052531 52
  269.06977 0.013508 13
  269.08260 0.00682221 7
  269.11339 0.00627644 6
  270.06880 0.00914177 9
  270.10993 0.0182835 18
  277.12120 0.3684 368
  277.13471 0.00982399 10
  277.93471 0.00873243 9
  278.09381 0.0204666 20
  278.10164 0.0118707 12
  278.12660 0.139037 139
  279.09899 0.0211489 21
  279.10683 0.0105062 10
  279.13844 0.0405239 40
  279.25058 0.00682221 7
  280.07195 0.0268795 27
  280.10824 0.169054 169
  280.11607 0.135626 135
  281.08016 0.0429799 43
  281.11484 0.118979 119
  282.08874 0.0605813 61
  289.08296 0.0133715 13
  290.09385 0.067267 67
  291.10162 0.0242871 24
  292.10942 0.0130986 13
  293.08032 0.0261973 26
  293.11281 0.00859599 9
  294.08574 0.0211489 21
  295.09401 0.0255151 25
  295.13263 1 999
  295.15701 0.00914177 9
  295.35860 0.0058671 6
  295.88573 0.0070951 7
  296.07141 0.00668577 7
  296.13624 0.188702 189
  296.15755 0.00818666 8
  296.79317 0.00532133 5
  303.11066 0.00654932 7
  305.11647 0.0776368 78
  306.12191 0.023332 23
  306.13012 0.01228 12
  307.09244 0.0448902 45
  307.12714 0.0130986 13
  307.91988 0.00600355 6
  308.10140 0.128394 128
  308.10944 0.0740892 74
  308.27681 0.00518488 5
  309.10607 0.0448902 45
  309.12054 0.0133715 13
  321.10901 0.0260609 26
  323.09460 0.00805021 8
  323.12678 0.853732 853
  324.12167 0.101378 101
  324.13096 0.135489 135
  324.14591 0.03684 37
//