ACCESSION: MycoMSB-HZI-000339
RECORD_TITLE: Sulphurenic acid; timsTOF; MS2; CE:38.2; [M+H]+
DATE: 2026.06.26
AUTHORS: Unknown
LICENSE: CC BY
COPYRIGHT: Helmholtz Centre for Infection Research (HZI)
SP$SCIENTIFIC_NAME: Antrodia cinnamomea
PUBLICATION: doi:10.1016/0031-9422(95)00767-9
COMMENT: Converted from Bruker MetaboScape .library export
CH$NAME: Sulphurenic acid
CH$COMPOUND_CLASS: Terpenoids
CH$FORMULA: C31H50O4
CH$EXACT_MASS: 486.3709
CH$SMILES: CC(C)C(=C)CCC(C1(CC(C2(C)C=3CCC4(C(C)(C)C(CCC4(C)C3CCC12C)(O)[H])[H])(O)[H])[H])(C(=O)O)[H]
CH$IUPAC: InChI=1S/C31H50O4/c1-18(2)19(3)9-10-20(27(34)35)23-17-26(33)31(8)22-11-12-24-28(4,5)25(32)14-15-29(24,6)21(22)13-16-30(23,31)7/h18,20,23-26,32-33H,3,9-17H2,1-2,4-8H3,(H,34,35)
CH$LINK: INCHIKEY XZEKQUYJGSOILA-LWURDOLFSA-N
AC$INSTRUMENT: timsTOF Pro, Bruker Daltonics
AC$INSTRUMENT_TYPE: timsTOF
AC$MASS_SPECTROMETRY: MS_TYPE MS2
AC$MASS_SPECTROMETRY: ION_MODE POSITIVE
AC$MASS_SPECTROMETRY: COLLISION_ENERGY 38.2093023255814
AC$MASS_SPECTROMETRY: CCS 229.60633850097656
MS$FOCUSED_ION: BASE_PEAK 487.37819
MS$FOCUSED_ION: PRECURSOR_M/Z 487.37819
MS$FOCUSED_ION: PRECURSOR_TYPE [M+H]+
MS$DATA_PROCESSING: Converted with library_to_massbank.py
PK$SPLASH: splash10-004i-0692100000-0a8d4f4d75f79903412f
PK$NUM_PEAK: 121
PK$PEAK: m/z int. rel.int.
  109.10065 0.0491132 49
  119.08529 0.124488 124
  119.09846 0.0487722 49
  121.10584 0.0453615 45
  122.01127 0.0112551 11
  123.07794 0.0388813 39
  123.11612 0.0729877 73
  123.12133 0.0306958 31
  125.11320 0.0095498 10
  125.13420 0.031719 32
  131.08620 0.0446794 45
  135.11899 0.159618 159
  138.13450 0.0358117 36
  139.11060 0.0446794 45
  145.09967 0.0753752 75
  145.10532 0.0439973 44
  149.13321 0.03206 32
  157.09939 0.0399045 40
  157.11899 0.0269441 27
  159.11605 0.0832196 83
  160.11936 0.0358117 36
  161.09669 0.0337653 34
  161.13243 0.0296726 30
  163.14907 0.0818554 82
  164.11664 0.0364939 36
  165.16839 0.0388813 39
  167.14643 0.0576398 58
  169.09556 0.0173943 17
  171.11884 0.0808322 81
  173.13388 0.159277 159
  173.86824 0.0204638 20
  175.11008 0.0167121 17
  175.14734 0.03206 32
  177.09247 0.0310368 31
  179.14306 0.109823 110
  179.18023 0.0306958 31
  183.12141 0.0187585 19
  185.13488 0.0470668 47
  186.14170 0.0624147 62
  187.14875 0.124147 124
  189.12860 0.085266 85
  189.16733 0.0351296 35
  190.13455 0.0330832 33
  190.16691 0.0269441 27
  191.14317 0.0405866 41
  193.15928 0.10573 106
  195.13876 0.0255798 26
  197.13229 0.042292 42
  199.14640 0.170191 170
  199.15581 0.0347885 35
  201.16304 0.069236 69
  203.17811 0.0306958 31
  205.12255 0.0460437 46
  214.17254 0.04809 48
  215.13967 0.0221692 22
  215.17954 0.303547 303
  216.18717 0.0293315 29
  216.27458 0.00682128 7
  224.15731 0.0327422 33
  225.16548 0.042292 42
  229.19634 1 999
  229.28474 0.00716235 7
  230.19982 0.129604 129
  230.55368 0.00920873 9
  233.15223 0.0276262 28
  239.17376 0.151091 151
  239.18101 0.108458 108
  240.30725 0.0085266 9
  241.19698 0.139154 139
  243.20880 0.0337653 34
  247.20562 0.241473 241
  253.19138 0.0279673 28
  257.22276 0.130286 130
  257.22889 0.130286 130
  257.25719 0.0501364 50
  258.23245 0.0620737 62
  259.21786 0.0286494 29
  260.20856 0.0286494 29
  265.19803 0.0208049 21
  269.19447 0.0368349 37
  271.20518 0.0399045 40
  272.20560 0.0324011 32
  273.25441 0.00716235 7
  275.23760 0.0600273 60
  277.21450 0.0450205 45
  279.21045 0.042633 43
  281.15324 0.0208049 21
  283.20542 0.0429741 43
  283.24491 0.0341064 34
  285.22279 0.037176 37
  293.22725 0.0375171 37
  294.23257 0.0474079 47
  295.23962 0.0985675 98
  307.24449 0.0163711 16
  311.23649 0.195089 195
  313.25912 0.0170532 17
  314.25659 0.0269441 27
  315.23343 0.0736698 74
  322.26259 0.0245566 25
  328.23752 0.0238745 24
  329.24265 0.0995907 99
  329.24888 0.0995907 99
  331.26265 0.0337653 34
  347.25783 0.0190996 19
  349.28959 0.0173943 17
  356.26729 0.0542292 54
  358.28079 0.00682128 7
  364.27471 0.0242156 24
  367.33528 0.0457026 46
  397.57157 0.00648022 6
  405.34739 0.0095498 10
  413.29709 0.0337653 34
  413.33843 0.0324011 32
  423.35717 0.0497954 50
  424.36819 0.0552524 55
  433.34746 0.04809 48
  441.37898 0.0501364 50
  451.36058 0.0808322 81
  452.35921 0.109823 110
  469.36303 0.0276262 28
  487.28531 0.0358117 36
//