ACCESSION: MycoMSB-HZI-000414
RECORD_TITLE: Dihydropleurotinic acid; timsTOF; MS2; CE:34.53488372093023; [M+H]+
DATE: 2026.06.26
AUTHORS: Charrià-Girón E, Surup F
LICENSE: CC BY
COPYRIGHT: Helmholtz Centre for Infection Research (HZI)
SP$SCIENTIFIC_NAME: Hohenbuehelia grisea MFLUCC 12-0451
PUBLICATION: doi:10.3390/molecules23102697
COMMENT: Converted from Bruker MetaboScape .library export
CH$NAME: Dihydropleurotinic acid
CH$FORMULA: C21H24O5
CH$EXACT_MASS: 356.1624
CH$SMILES: C[C@H]1CO[C@@H]2C3=C(C[C@H]4[C@H](C(=O)O)CC[C@@H]5C1CC[C@]254)C(=O)C=CC3=O
CH$IUPAC: InChI=1S/C21H24O5/c1-10-9-26-19-18-13(16(22)4-5-17(18)23)8-15-12(20(24)25)2-3-14-11(10)6-7-21(14,15)19/h4-5,10-12,14-15,19H,2-3,6-9H2,1H3,(H,24,25)/t10-,11?,12+,14+,15-,19+,21-/m0/s1
CH$LINK: INCHIKEY WIDYUZWPFIHVCW-WVHDAOKDSA-N
AC$INSTRUMENT: timsTOF Pro, Bruker Daltonics
AC$INSTRUMENT_TYPE: timsTOF
AC$MASS_SPECTROMETRY: MS_TYPE MS2
AC$MASS_SPECTROMETRY: ION_MODE POSITIVE
AC$MASS_SPECTROMETRY: COLLISION_ENERGY 34.53488372093023
AC$MASS_SPECTROMETRY: CCS 184.67884826660156
MS$FOCUSED_ION: BASE_PEAK 357.16965
MS$FOCUSED_ION: PRECURSOR_M/Z 357.16965
MS$FOCUSED_ION: PRECURSOR_TYPE [M+H]+
MS$DATA_PROCESSING: Converted with library_to_massbank.py
PK$SPLASH: splash10-0udi-0490000000-078e96b1a8dd29a50136
PK$NUM_PEAK: 355
PK$PEAK: m/z int. rel.int.
  115.05329 0.017864 18
  116.06220 0.010241 10
  117.05690 0.00531301 5
  117.06874 0.017094 17
  118.07113 0.00931701 9
  119.04997 0.022946 23
  119.08656 0.030646 31
  121.09975 0.019789 20
  123.04410 0.102102 102
  123.12288 0.00623701 6
  124.04974 0.00546701 5
  129.06906 0.0635251 63
  130.07727 0.016709 17
  131.04840 0.00808501 8
  131.08529 0.021714 22
  131.09138 0.00716101 7
  132.05669 0.00608301 6
  133.06469 0.018095 18
  133.07427 0.00754601 8
  133.10147 0.0872411 87
  133.10855 0.00554401 6
  133.18617 0.011704 12
  134.06857 0.00839301 8
  135.04477 0.00962501 10
  135.08113 0.00870101 9
  135.11567 0.00962501 10
  136.05735 0.00839301 8
  137.05874 0.03311 33
  137.06368 0.028875 29
  137.09568 0.014091 14
  138.06076 0.010626 11
  141.07290 0.016632 17
  141.08033 0.00793101 8
  142.07422 0.021714 22
  142.07982 0.00816201 8
  143.08643 0.041118 41
  144.05821 0.015092 15
  144.45763 0.00870101 9
  145.06365 0.00616001 6
  145.10326 0.0535921 54
  146.09981 0.00569801 6
  147.04357 0.0600601 60
  147.08246 0.019481 19
  148.04886 0.018865 19
  149.05846 0.111419 111
  149.06655 0.019096 19
  152.06489 0.026642 27
  153.06889 0.022638 23
  154.07495 0.00816201 8
  155.08820 0.00716101 7
  156.09305 0.00770001 8
  157.10814 0.014707 15
  159.04414 0.00870101 9
  159.11668 0.015477 15
  160.05063 0.014861 15
  160.06764 0.010318 10
  161.05885 0.153384 153
  161.07656 0.00924001 9
  161.09715 0.021406 21
  162.06254 0.028259 28
  162.10060 0.00900901 9
  163.07594 0.00669901 7
  163.12388 0.00662201 7
  165.05683 0.022715 23
  165.06642 0.015862 16
  165.09167 0.00970201 10
  166.06990 0.00770001 8
  167.08356 0.0606761 61
  168.05762 0.023254 23
  169.06331 0.023023 23
  170.10354 0.00500501 5
  171.04944 0.00754601 8
  171.08013 0.00639101 6
  171.11615 0.014707 15
  173.05972 0.287672 287
  173.09519 0.01078 11
  173.13179 0.01463 15
  174.06034 0.024332 24
  174.06503 0.024332 24
  174.08031 0.010703 11
  175.03822 0.013244 13
  175.07503 0.0770001 77
  176.07970 0.011011 11
  177.05407 0.048279 48
  177.06462 0.018403 18
  177.08862 0.015323 15
  177.12739 0.00515901 5
  178.05636 0.011704 12
  178.07800 0.018942 19
  179.08551 0.021714 22
  179.10648 0.040887 41
  180.11272 0.00723801 7
  180.96815 0.00515901 5
  181.06361 0.033495 33
  181.09864 0.020482 20
  181.10496 0.016247 16
  182.10230 0.022484 22
  183.07848 0.029491 29
  183.09337 0.00731501 7
  183.11704 0.028028 28
  184.05557 0.012782 13
  184.08103 0.014014 14
  184.08740 0.00823901 8
  185.05859 0.018326 18
  185.09566 0.036344 36
  186.06647 0.00962501 10
  186.09634 0.00577501 6
  187.07512 0.365981 366
  187.88900 0.00677601 7
  188.07788 0.0959421 96
  188.08830 0.010241 10
  189.05515 0.0308 31
  189.09305 0.015169 15
  189.12805 0.00739201 7
  189.13665 0.010164 10
  190.05635 0.013629 14
  190.06282 0.00623701 6
  190.08008 0.020559 21
  191.08415 0.032032 32
  191.09018 0.033649 34
  191.10585 0.014322 14
  192.09199 0.016863 17
  192.11053 0.00800801 8
  193.06618 0.029799 30
  193.10131 0.018018 18
  193.11784 0.00731501 7
  194.11253 0.00862401 9
  195.08275 0.0619851 62
  195.11741 0.027027 27
  196.08549 0.00900901 9
  197.06071 0.0863941 86
  197.09657 0.010472 10
  198.06754 0.029568 30
  198.07503 0.00877801 9
  198.13447 0.00562101 6
  199.03630 0.022869 23
  199.07477 0.504967 504
  199.11770 0.00677601 7
  200.07900 0.0612921 61
  201.05371 0.044968 45
  201.08962 0.132902 133
  202.05977 0.00746901 7
  202.07755 0.00700701 7
  202.08917 0.012551 13
  203.08611 0.00623701 6
  203.10618 0.022253 22
  205.05017 0.0796181 80
  205.08612 0.00639101 6
  205.10117 0.0540541 54
  206.05500 0.014861 15
  206.10647 0.028798 29
  206.12910 0.00739201 7
  207.07850 0.023716 24
  207.11765 0.038654 39
  207.13645 0.012166 12
  207.14321 0.00639101 6
  208.08759 0.012628 13
  209.05673 0.00600601 6
  209.09748 0.0575961 58
  209.13816 0.00785401 8
  210.06721 0.0916301 92
  211.03359 0.00800801 8
  211.07505 0.49665 496
  212.07973 0.113806 114
  213.05392 0.036652 37
  213.07683 0.00847001 8
  213.09145 0.138446 138
  214.06116 0.015323 15
  214.09413 0.018326 18
  215.07253 0.028721 29
  215.08632 0.01078 11
  215.10385 0.020174 20
  216.07391 0.00577501 6
  216.08770 0.00585201 6
  216.12220 0.00731501 7
  217.04318 0.021175 21
  217.05059 0.016786 17
  217.08478 0.0586741 59
  218.07073 0.012628 13
  219.06475 0.028413 28
  219.08110 0.0669901 67
  220.08861 0.028182 28
  221.09847 0.027643 28
  222.09823 0.00862401 9
  222.11455 0.00608301 6
  222.97328 0.00569801 6
  223.06438 0.026026 26
  223.07486 0.215369 215
  223.08307 0.00854701 9
  223.11578 0.022638 23
  223.14678 0.018172 18
  224.07943 0.0764611 76
  224.08622 0.0693771 69
  224.11225 0.01232 12
  225.09181 0.119966 120
  225.12929 0.028567 29
  225.70510 0.00554401 6
  226.06480 0.00808501 8
  226.09583 0.033649 34
  226.10949 0.00900901 9
  226.12831 0.00631401 6
  227.07018 0.016401 16
  227.10522 0.040425 40
  228.07779 0.00554401 6
  229.08368 0.031339 31
  229.08883 0.031339 31
  229.12315 0.00800801 8
  230.08784 0.00731501 7
  231.06407 0.010087 10
  231.07833 0.00731501 7
  232.12577 0.00608301 6
  232.46431 0.00739201 7
  233.08156 0.0615231 61
  233.09642 0.0786171 79
  234.08413 0.00716101 7
  234.10239 0.01694 17
  234.11045 0.00854701 9
  235.07688 0.017325 17
  235.11355 0.018711 19
  236.08228 0.0725341 72
  236.12041 0.00585201 6
  236.13003 0.010087 10
  237.05395 0.015169 15
  237.09077 0.470239 470
  238.09465 0.136367 136
  239.10634 0.138831 139
  240.07399 0.00654501 7
  240.11018 0.03003 30
  241.08499 0.020636 21
  241.10031 0.00654501 7
  241.12169 0.027258 27
  242.12637 0.00585201 6
  243.05950 0.012551 13
  243.06682 0.00785401 8
  245.08049 0.0720721 72
  246.08388 0.016324 16
  246.10763 0.00531301 5
  246.32853 0.00770001 8
  247.07789 0.00662201 7
  247.10986 0.00546701 5
  247.14428 0.00531301 5
  248.10673 0.00600601 6
  249.09230 0.0856241 86
  249.11549 0.00785401 8
  250.09941 0.159467 159
  251.06974 0.00693001 7
  251.10621 0.718796 718
  251.12219 0.00708401 7
  252.11073 0.194887 195
  252.14411 0.00862401 9
  253.08479 0.015708 16
  253.12184 1 999
  253.13365 0.00762301 8
  254.12534 0.188034 188
  254.14509 0.00608301 6
  255.06357 0.032032 32
  255.10173 0.027258 27
  255.13461 0.014014 14
  255.14040 0.014014 14
  255.17353 0.00723801 7
  256.07137 0.01463 15
  257.08131 0.049203 49
  257.09366 0.00870101 9
  258.08097 0.012936 13
  258.08976 0.013629 14
  259.09904 0.00816201 8
  260.12483 0.011165 11
  261.09212 0.032571 33
  262.09695 0.042273 42
  263.06974 0.00793101 8
  263.09565 0.027027 27
  263.10558 0.0775391 77
  264.11216 0.0723801 72
  264.12878 0.00616001 6
  264.14911 0.00585201 6
  265.09060 0.00831601 8
  265.12217 0.120043 120
  265.16116 0.011858 12
  266.12102 0.032648 33
  266.16165 0.00900901 9
  267.04251 0.00631401 6
  267.10386 0.00816201 8
  267.13747 0.017556 18
  268.10951 0.00585201 6
  269.08112 0.00716101 7
  269.12066 0.01694 17
  270.09126 0.025795 26
  270.15732 0.00731501 7
  271.12804 0.021945 22
  274.09499 0.00877801 9
  275.10592 0.00708401 7
  275.11629 0.00546701 5
  275.13964 0.00839301 8
  275.16559 0.00739201 7
  276.11610 0.00662201 7
  276.13170 0.00893201 9
  276.14556 0.023331 23
  276.15167 0.023331 23
  277.08127 0.00677601 7
  277.12553 0.00515901 5
  277.15939 0.00531301 5
  278.09246 0.013552 14
  278.12946 0.0559021 56
  279.10220 0.032802 33
  279.13385 0.038808 39
  280.10482 0.026411 26
  280.14616 0.023023 23
  281.12054 0.031031 31
  281.15274 0.15323 153
  281.16304 0.0572111 57
  282.09259 0.00523601 5
  282.12106 0.034111 34
  282.15497 0.023023 23
  282.16514 0.012705 13
  283.09805 0.031647 32
  283.16988 0.03619 36
  284.09938 0.029953 30
  284.10560 0.029953 30
  285.10943 0.024563 25
  285.11563 0.024563 25
  285.15106 0.00770001 8
  286.11335 0.00716101 7
  291.13765 0.019712 20
  292.11362 0.00577501 6
  293.11670 0.0508201 51
  293.15400 0.393316 393
  294.11950 0.00616001 6
  294.15790 0.136136 136
  295.13442 0.014476 14
  295.16608 0.012628 13
  296.10515 0.022869 23
  296.17262 0.00885501 9
  297.10928 0.0644491 64
  298.10863 0.017248 17
  298.11919 0.029414 29
  299.12836 0.025179 25
  299.13278 0.025179 25
  300.13766 0.00562101 6
  303.13754 0.020867 21
  307.13718 0.00685301 7
  308.13586 0.00754601 8
  309.15345 0.014707 15
  310.15459 0.029414 29
  311.16349 0.140294 140
  311.18299 0.00577501 6
  312.16678 0.018018 18
  321.15008 0.0690691 69
  322.15550 0.00716101 7
  324.13356 0.014014 14
  327.16511 0.019789 20
  339.15822 0.0997921 100
  340.16078 0.045507 45
  357.16865 0.025025 25
  357.22410 0.00777701 8
  358.18263 0.00693001 7
//