ACCESSION: MycoMSB-HZI-002237
RECORD_TITLE: Cryptoporic acid I; timsTOF; MS2; CE:33.81395348837209; [M+H-H2O]+
DATE: 2026.06.26
AUTHORS: Charrià-Girón E, Surup F
LICENSE: CC BY
COPYRIGHT: Helmholtz Centre for Infection Research (HZI)
PUBLICATION: doi:10.1016/s0031-9422(02)00221-2
SP$SCIENTIFIC_NAME: Polyporus ciliatus
COMMENT: Converted from Bruker MetaboScape .library export
CH$NAME: Cryptoporic acid I
CH$FORMULA: C21H32O8
CH$EXACT_MASS: 412.2097
CH$SMILES: C[C@]12CC[C@@H](C([C@@H]1CCC(=C)[C@@H]2CO[C@H]([C@H](CC(=O)O)C(=O)O)C(=O)O)(C)C)O
CH$IUPAC: InChI=1S/C21H32O8/c1-11-5-6-14-20(2,3)15(22)7-8-21(14,4)13(11)10-29-17(19(27)28)12(18(25)26)9-16(23)24/h12-15,17,22H,1,5-10H2,2-4H3,(H,23,24)(H,25,26)(H,27,28)/t12-,13-,14-,15-,17+,21+/m0/s1
CH$LINK: INCHIKEY NXBOOZAQZQINMQ-OECSREOESA-N
AC$INSTRUMENT: timsTOF Pro, Bruker Daltonics
AC$INSTRUMENT_TYPE: TIMS-TOF
AC$MASS_SPECTROMETRY: MS_TYPE MS2
AC$MASS_SPECTROMETRY: ION_MODE POSITIVE
AC$MASS_SPECTROMETRY: COLLISION_ENERGY 33.81395348837209
AC$MASS_SPECTROMETRY: CCS 165.0117645263672
MS$FOCUSED_ION: BASE_PEAK 395.20643
MS$FOCUSED_ION: PRECURSOR_M/Z 395.20643
MS$FOCUSED_ION: PRECURSOR_TYPE [M+H-H2O]+
MS$DATA_PROCESSING: Converted with library_to_massbank.py
PK$SPLASH: splash10-0006-0092000000-edeb351b531beea29c6b
PK$NUM_PEAK: 98
PK$PEAK: m/z int. rel.int.
  109.38454 0.00965665 10
  122.15731 0.00965665 10
  122.35102 0.00965665 10
  129.78994 0.00965665 10
  138.21233 0.00965665 10
  139.54877 0.00965665 10
  141.01422 0.00965665 10
  170.31811 0.00965665 10
  180.89675 0.00965665 10
  187.76025 0.00965665 10
  196.15988 0.00965665 10
  202.53791 0.00965665 10
  202.94772 0.00965665 10
  203.30665 0.0118026 12
  205.97167 0.00965665 10
  216.14016 0.125536 125
  223.35829 0.00965665 10
  227.87167 0.00965665 10
  231.13945 0.0890558 89
  243.92506 0.00965665 10
  250.11037 0.129828 130
  253.79494 0.0493562 49
  253.82484 0.00965665 10
  258.54164 0.00965665 10
  259.50835 0.0107296 11
  262.09507 0.00965665 10
  272.16492 0.187768 188
  290.17545 1 999
  291.17735 0.247854 248
  299.80770 0.00965665 10
  308.10607 0.0375536 38
  318.17011 0.203863 204
  318.17848 0.0987124 99
  337.18739 0.0847639 85
  350.18978 0.0847639 85
  368.94575 0.00965665 10
  370.99166 0.00965665 10
  375.35799 0.00965665 10
  377.78328 0.00965665 10
  379.14656 0.00965665 10
  389.62230 0.00965665 10
  394.96344 0.00965665 10
  405.83043 0.00965665 10
  447.92157 0.00965665 10
  451.73343 0.00965665 10
  485.72524 0.00965665 10
  504.82871 0.00965665 10
  528.38090 0.00965665 10
  533.56398 0.00965665 10
  564.32017 0.00965665 10
  588.21555 0.00965665 10
  603.73034 0.00965665 10
  654.91258 0.00965665 10
  662.14991 0.00965665 10
  672.96887 0.00965665 10
  688.93670 0.00965665 10
  768.19460 0.00965665 10
  783.37351 0.00965665 10
  820.07905 0.00965665 10
  833.48215 0.00965665 10
  871.29331 0.00965665 10
  906.64325 0.00965665 10
  935.73553 0.00965665 10
  977.20132 0.00965665 10
  1040.06624 0.00965665 10
  1061.15770 0.00965665 10
  1090.33885 0.00965665 10
  1129.86271 0.00965665 10
  1151.58649 0.00965665 10
  1158.47615 0.00965665 10
  1159.92473 0.00965665 10
  1178.49503 0.00965665 10
  1183.44044 0.00965665 10
  1188.26680 0.00965665 10
  1204.04199 0.00965665 10
  1246.86070 0.00965665 10
  1269.11891 0.00965665 10
  1273.89340 0.00965665 10
  1277.83799 0.00965665 10
  1298.84723 0.00965665 10
  1302.41246 0.00965665 10
  1320.90310 0.00965665 10
  1363.35314 0.00965665 10
  1374.78963 0.00965665 10
  1375.94983 0.00965665 10
  1470.15947 0.00965665 10
  1502.19731 0.00965665 10
  1503.11290 0.00965665 10
  1507.48854 0.00965665 10
  1571.71026 0.00965665 10
  1641.74841 0.00965665 10
  1641.79911 0.00965665 10
  1653.43099 0.00965665 10
  1665.43585 0.00965665 10
  1717.77717 0.00965665 10
  1726.08552 0.00965665 10
  1745.76747 0.00965665 10
  1771.00731 0.00965665 10
//