ACCESSION: MycoMSB-HZI-002461
RECORD_TITLE: Macrocidin A; timsTOF; MS2; CE:33.581395348837205; [M+H]+
DATE: 2026.06.26
AUTHORS: Charrià-Girón E, Surup F
LICENSE: CC BY
COPYRIGHT: Helmholtz Centre for Infection Research (HZI)
PUBLICATION: doi:10.1021/np030193e
SP$SCIENTIFIC_NAME: Phoma macrostoma
COMMENT: Converted from Bruker MetaboScape .library export
CH$NAME: Macrocidin A
CH$FORMULA: C20H23NO5
CH$EXACT_MASS: 357.1576
CH$SMILES: CC1(CCCC2(C(COC3=CC=C(C=C3)CC4(C(C(=C1O)C(=N4)O)=O)[H])(O2)[H])[H])[H]
CH$IUPAC: InChI=1S/C20H23NO5/c1-11-3-2-4-15-16(26-15)10-25-13-7-5-12(6-8-13)9-14-19(23)17(18(11)22)20(24)21-14/h5-8,11,14-16,22H,2-4,9-10H2,1H3,(H,21,24)
CH$LINK: INCHIKEY MMJLIEREEJXFMU-MEYUZBJRSA-N
AC$INSTRUMENT: timsTOF Pro, Bruker Daltonics
AC$INSTRUMENT_TYPE: TIMS-TOF
AC$MASS_SPECTROMETRY: MS_TYPE MS2
AC$MASS_SPECTROMETRY: ION_MODE POSITIVE
AC$MASS_SPECTROMETRY: COLLISION_ENERGY 33.581395348837205
AC$MASS_SPECTROMETRY: CCS 178.3683624267578
MS$FOCUSED_ION: BASE_PEAK 358.16490
MS$FOCUSED_ION: PRECURSOR_M/Z 358.16490
MS$FOCUSED_ION: PRECURSOR_TYPE [M+H]+
MS$DATA_PROCESSING: Converted with library_to_massbank.py
PK$SPLASH: splash10-07pl-0984000000-bd1b155f995182284698
PK$NUM_PEAK: 159
PK$PEAK: m/z int. rel.int.
  112.03799 0.0168902 17
  121.06410 0.101341 101
  126.02063 0.0506706 51
  131.05054 0.493294 493
  131.08735 0.0690512 69
  132.05084 0.0765027 76
  133.06339 0.396423 396
  133.07379 0.0556384 56
  134.06989 0.0680576 68
  137.09798 0.118231 118
  138.05467 0.0665673 67
  142.80912 0.0307998 31
  143.08778 0.0938897 94
  144.05677 0.0253353 25
  144.94239 0.0158967 16
  145.06469 0.355688 355
  145.10062 0.0561351 56
  146.07261 0.0531545 53
  147.07957 0.151515 151
  147.11804 0.054148 54
  148.04917 0.0134128 13
  148.07854 0.102335 102
  156.06672 0.0432191 43
  157.06619 0.0919026 92
  157.10113 0.0859414 86
  158.05638 0.0596125 60
  158.07152 0.231992 232
  158.09571 0.0471932 47
  159.08058 0.400894 400
  160.07851 0.0536513 54
  160.11018 0.0765027 76
  161.05953 0.653254 653
  161.09936 0.054148 54
  162.06261 0.183308 183
  162.06677 0.183308 183
  162.10155 0.054148 54
  163.07288 0.0591157 59
  164.06715 0.0357675 36
  166.07887 0.0561351 56
  170.06155 0.0432191 43
  170.07583 0.0362643 36
  170.09215 0.0332837 33
  171.08096 0.0625931 63
  172.07675 0.0556384 56
  173.09600 0.107303 107
  174.10587 0.0322901 32
  177.09276 0.04769 48
  181.08251 0.0372578 37
  183.11733 0.0307998 31
  184.08594 0.0223547 22
  184.56590 0.00943865 9
  185.06137 0.0447094 45
  185.09623 0.308495 308
  185.13372 0.0442126 44
  185.78557 0.0134128 13
  187.11408 0.0486836 49
  189.08992 0.121212 121
  189.11358 0.0501739 50
  191.06749 0.0402385 40
  193.10316 0.0392449 39
  195.08189 0.0725286 72
  196.07722 0.0307998 31
  197.06191 0.0665673 67
  197.13658 0.041232 41
  199.11232 0.0879285 88
  201.09411 0.0496771 50
  202.62311 0.0183805 18
  203.10434 0.0402385 40
  203.97914 0.0124193 12
  204.06627 0.041232 41
  205.09992 0.0506706 51
  206.11597 0.0546448 55
  207.06925 0.0407352 41
  211.04067 0.0466965 47
  211.11794 0.0457029 46
  213.05423 0.0342772 34
  213.12938 0.17387 174
  214.05773 0.0407352 41
  214.08519 0.054148 54
  214.22254 0.00943865 9
  215.14372 0.576751 576
  215.22419 0.0144064 14
  216.09019 0.00943865 9
  216.10169 0.0119225 12
  216.14396 0.199702 200
  216.14949 0.199702 200
  217.51586 0.0233482 23
  218.07913 0.0352707 35
  218.56911 0.012916 13
  219.11521 0.0730253 73
  221.13195 0.0387481 39
  222.10065 0.0437158 44
  223.11119 0.120219 120
  225.08986 0.0466965 47
  227.11026 0.0372578 37
  229.12092 0.325385 325
  230.08068 0.114257 114
  230.09254 0.0283159 28
  231.14087 0.151018 151
  232.06612 0.0690512 69
  234.11035 0.0228515 23
  235.11663 0.0332837 33
  237.12555 0.0874317 87
  238.05189 0.0481868 48
  240.03743 0.0516642 52
  241.10251 0.0337804 34
  241.12256 0.121709 122
  242.08232 0.0620964 62
  242.16264 0.0566319 57
  243.08520 0.114754 115
  244.05524 0.180825 181
  244.06257 0.105315 105
  244.07967 0.00894188 9
  244.09434 0.0481868 48
  244.17254 0.0387481 39
  245.09979 0.04769 48
  246.07542 0.030303 30
  247.10707 0.0571287 57
  249.12686 0.082464 82
  250.12344 0.0829608 83
  250.13086 0.0422255 42
  252.12630 0.0402385 40
  254.07980 0.065077 65
  255.13308 0.115251 115
  255.14058 0.0769995 77
  256.06160 0.277198 277
  257.06055 0.0511674 51
  258.07978 0.0640835 64
  262.09833 0.0581222 58
  267.13897 0.0208644 21
  268.09600 0.0486836 49
  270.14886 0.0601093 60
  271.15247 0.0496771 50
  272.16310 0.0571287 57
  275.13103 0.0437158 44
  277.12466 0.0382514 38
  279.12549 0.0392449 39
  279.13816 0.125186 125
  284.08919 0.0859414 86
  284.09710 0.0223547 22
  284.12610 0.0188773 19
  289.10727 0.0471932 47
  289.16312 0.0248385 25
  291.00137 0.0119225 12
  295.15201 0.0581222 58
  297.08196 0.0188773 19
  297.14605 0.154993 155
  304.13393 0.135122 135
  305.13237 0.034774 35
  312.15627 0.117735 118
  312.16456 0.082464 82
  313.19903 0.0332837 33
  322.14422 1 999
  323.13153 0.0203676 20
  323.14659 0.268256 268
  340.15439 0.79533 795
  341.15669 0.0978639 98
  358.16304 0.369598 369
  359.20222 0.0437158 44
//