ACCESSION: MycoMSB-HZI-000579
RECORD_TITLE: Colposetin A; timsTOF; MS2; CE:34.7; [M+H]+
DATE: 2026.06.26
AUTHORS: Unknown
LICENSE: CC BY
COPYRIGHT: Helmholtz Centre for Infection Research (HZI)
SP$SCIENTIFIC_NAME: Colpoma sp.
PUBLICATION: doi:10.3390/biom11060783
COMMENT: Converted from Bruker MetaboScape .library export
CH$NAME: Colposetin A
CH$FORMULA: C26H37NO7
CH$EXACT_MASS: 475.2570
CH$SMILES: CC(=O)O[C@H](C(=O)O)[C@@H](C)[C@@H]1C(C)=C[C@@H]2C[C@H](C)CC[C@H]2[C@]1(C)C(O)=C1C(=O)[C@@H](C)N(C)C1=O
CH$IUPAC: InChI=1S/C26H37NO7/c1-12-8-9-18-17(10-12)11-13(2)20(14(3)22(25(32)33)34-16(5)28)26(18,6)23(30)19-21(29)15(4)27(7)24(19)31/h11-12,14-15,17-18,20,22,30H,8-10H2,1-7H3,(H,32,33)/t12-,14+,15-,17+,18-,20+,22+,26+/m1/s1
CH$LINK: INCHIKEY XWTALPIXEKTSAZ-NXCOISIBSA-N
AC$INSTRUMENT: timsTOF Pro, Bruker Daltonics
AC$INSTRUMENT_TYPE: timsTOF
AC$MASS_SPECTROMETRY: MS_TYPE MS2
AC$MASS_SPECTROMETRY: ION_MODE POSITIVE
AC$MASS_SPECTROMETRY: COLLISION_ENERGY 34.69767441860465
AC$MASS_SPECTROMETRY: CCS 182.95974731445312
MS$FOCUSED_ION: BASE_PEAK 476.26428
MS$FOCUSED_ION: PRECURSOR_M/Z 476.26428
MS$FOCUSED_ION: PRECURSOR_TYPE [M+H]+
MS$DATA_PROCESSING: Converted with library_to_massbank.py
PK$SPLASH: splash10-0udi-0988200000-a79fd361f957fa8793a8
PK$NUM_PEAK: 461
PK$PEAK: m/z int. rel.int.
  105.06982 0.00543617 5
  113.02164 0.00866389 9
  119.08475 0.0582689 58
  120.08988 0.0119766 12
  121.10305 0.0141001 14
  123.04416 0.0101079 10
  123.11704 0.0114669 11
  124.11705 0.00603075 6
  125.05773 0.0360995 36
  125.09310 0.00806931 8
  126.05443 0.0725389 72
  126.06244 0.00798437 8
  127.05315 0.00611569 6
  127.06020 0.00951329 10
  128.07059 0.379682 379
  128.08080 0.0291345 29
  129.07333 0.0749172 75
  130.07888 0.0105326 11
  131.08546 0.0298989 30
  133.10097 0.0216597 22
  135.04572 0.00671027 7
  135.08022 0.0237832 24
  135.11844 0.0200459 20
  136.03821 0.00688015 7
  137.06118 0.0308333 31
  137.09620 0.0263314 26
  139.09442 0.012741 13
  140.06696 0.0825618 82
  140.07203 0.0825618 82
  141.07124 0.0185169 18
  141.08119 0.00764461 8
  141.09048 0.00560605 6
  142.07693 0.00679521 7
  143.07057 0.00721991 7
  143.08890 0.0194513 19
  145.10147 0.059628 60
  147.07939 0.0352501 35
  147.11202 0.0161386 16
  147.12055 0.0333815 33
  148.07353 0.00832413 8
  148.12000 0.0168181 17
  149.09552 0.00620063 6
  149.13185 0.046802 47
  152.07068 0.00968317 10
  154.04975 1 999
  154.06119 0.0188567 19
  154.08728 0.0600527 60
  155.04567 0.0163085 16
  155.05513 0.0810329 81
  155.09275 0.0132507 13
  156.05265 0.00951329 10
  156.06242 0.00764461 8
  156.09369 0.0101928 10
  159.08015 0.0134205 13
  159.11391 0.0572496 57
  159.18671 0.00806931 8
  161.13245 0.0958125 96
  163.11435 0.00823919 8
  163.14671 0.0592882 59
  164.11476 0.00823919 8
  164.15083 0.00874883 9
  165.09210 0.0126561 13
  166.08522 0.0830714 83
  167.08882 0.0272658 27
  168.10049 0.0857895 86
  169.08704 0.0284549 28
  169.09936 0.0262465 26
  170.07974 0.0334664 33
  171.08048 0.0153742 15
  171.11642 0.0500297 50
  172.11731 0.0133356 13
  173.09758 0.0229338 23
  173.10581 0.0101928 10
  173.13118 0.0250573 25
  173.13768 0.0250573 25
  174.13223 0.00654039 7
  175.07267 0.0190266 19
  175.10878 0.019876 20
  175.11821 0.00679521 7
  175.14711 0.189247 189
  176.14969 0.0304935 30
  177.05481 0.0112121 11
  177.12975 0.00823919 8
  177.15448 0.0334664 33
  177.15819 0.0334664 33
  177.16624 0.0242929 24
  179.11300 0.00925847 9
  180.10402 0.0289646 29
  180.11506 0.00951329 10
  182.07924 0.0260766 26
  182.08426 0.0260766 26
  182.11913 0.0125711 13
  183.09992 0.00806931 8
  183.11440 0.0279453 28
  184.09598 0.330842 331
  185.06089 0.0105326 11
  185.10115 0.0468869 47
  185.13234 0.0372038 37
  186.10378 0.0205555 21
  186.13492 0.00959823 10
  187.14811 0.118322 118
  188.11632 0.00713497 7
  188.15040 0.0509641 51
  188.16138 0.00942835 9
  189.12926 0.0194513 19
  189.16904 0.00891871 9
  190.08449 0.00586087 6
  190.12978 0.00798437 8
  190.16382 0.0172428 17
  190.17292 0.00908859 9
  191.14270 0.00985305 10
  191.17946 0.00917353 9
  192.07808 0.00976811 10
  192.14529 0.00721991 7
  194.08041 0.0267561 27
  194.11645 0.0231887 23
  194.12256 0.0287098 29
  195.10326 0.0107025 11
  196.09550 0.122059 122
  196.12275 0.00501147 5
  197.09839 0.0248875 25
  197.12073 0.00942835 9
  197.13718 0.0494351 49
  198.09923 0.0187718 19
  198.10584 0.00764461 8
  198.13446 0.00806931 8
  199.10885 0.00832413 8
  199.14661 0.0405164 40
  201.12596 0.0277754 28
  201.16178 0.140831 141
  202.08193 0.00968317 10
  202.16658 0.0451881 45
  202.17533 0.0138452 14
  203.09271 0.00755967 8
  203.14121 0.0276055 28
  203.18328 0.0430646 43
  204.10379 0.00857895 9
  205.12185 0.0135055 13
  205.15769 0.0140151 14
  205.18458 0.00705003 7
  205.19578 0.00755967 8
  206.08181 0.011382 11
  208.09690 0.0177525 18
  208.12127 0.00866389 9
  208.13481 0.00628557 6
  209.09953 0.00976811 10
  210.11286 0.014185 14
  210.13449 0.00781449 8
  211.08110 0.0110422 11
  211.11835 0.0151193 15
  211.13565 0.00891871 9
  211.14825 0.0432345 43
  211.17201 0.00857895 9
  212.10956 0.011382 11
  212.15358 0.0242929 24
  213.11540 0.0132507 13
  213.12225 0.0107874 11
  213.15689 0.0298989 30
  213.16413 0.0367791 37
  215.14302 0.0497749 50
  215.17862 0.138198 138
  215.19147 0.0168181 17
  216.14720 0.0151193 15
  216.18368 0.0569948 57
  217.11771 0.0120615 12
  217.14873 0.0162236 16
  217.15564 0.00840907 8
  217.18331 0.0163085 16
  217.19680 0.0657437 66
  218.11561 0.0107874 11
  218.19185 0.0118067 12
  219.17494 0.00738979 7
  219.20505 0.0124013 12
  220.09690 0.0132507 13
  220.13471 0.00772955 8
  221.08030 0.00866389 9
  221.14077 0.00925847 9
  222.11526 0.0132507 13
  223.11304 0.00620063 6
  223.15043 0.00577593 6
  224.12588 0.011382 11
  224.16510 0.0239531 24
  225.16361 0.138198 138
  225.17621 0.00764461 8
  226.16434 0.0117217 12
  226.17254 0.00798437 8
  227.10978 0.00628557 6
  227.17884 0.187378 187
  227.19893 0.0141001 14
  228.14245 0.015629 16
  228.17653 0.0418755 42
  228.18362 0.0349953 35
  229.15566 0.0263314 26
  230.11816 0.0192814 19
  230.14901 0.00560605 6
  231.06590 0.00679521 7
  231.14913 0.00900365 9
  231.17767 0.00628557 6
  232.13474 0.0107874 11
  233.13917 0.00900365 9
  233.15564 0.0279453 28
  233.18913 0.070925 71
  233.19888 0.00696509 7
  234.11465 0.00611569 6
  234.15294 0.0101079 10
  234.19411 0.0258218 26
  236.12459 0.00772955 8
  238.14312 0.00738979 7
  239.14110 0.00628557 6
  240.13874 0.0119766 12
  240.18237 0.00713497 7
  241.12388 0.00874883 9
  241.15578 0.0231037 23
  241.16201 0.0231037 23
  242.15241 0.0236134 24
  242.15972 0.0152892 15
  243.13923 0.00577593 6
  243.17254 0.255415 255
  244.13113 0.0400068 40
  244.17704 0.082222 82
  245.09930 0.00552111 6
  245.12379 0.0101079 10
  245.15318 0.00620063 6
  245.18948 0.104391 104
  246.11000 0.0151193 15
  246.13872 0.00654039 7
  246.19234 0.0208103 21
  247.12133 0.0107025 11
  247.16559 0.0139302 14
  247.17297 0.00611569 6
  248.13201 0.015544 16
  248.15024 0.00645545 6
  248.16531 0.0337212 34
  249.15660 0.00866389 9
  253.15695 0.0569099 57
  254.16159 0.00662533 7
  255.18255 0.0107025 11
  256.13164 0.0160537 16
  257.13028 0.0149495 15
  257.13780 0.00679521 7
  258.14855 0.0469719 47
  258.15969 0.00620063 6
  259.15591 0.00509641 5
  260.12882 0.0122314 12
  260.15404 0.0106175 11
  260.16666 0.00730485 7
  261.18062 0.111102 111
  262.14204 0.0486707 49
  262.18646 0.0121464 12
  263.16504 0.00696509 7
  263.17772 0.00934341 9
  263.18787 0.0151193 15
  263.20237 0.0419604 42
  264.15975 0.0134205 13
  264.20391 0.00560605 6
  265.14548 0.00738979 7
  265.16680 0.0237832 24
  267.18704 0.00518135 5
  269.13633 0.0105326 11
  269.18253 0.00755967 8
  269.21332 0.00730485 7
  270.10978 0.00569099 6
  270.14571 0.0469719 47
  270.25634 0.00611569 6
  271.16902 0.0753419 75
  272.12388 0.0216597 22
  272.13162 0.0120615 12
  272.17070 0.0943685 94
  273.16624 0.0215748 22
  274.14136 0.0364393 36
  274.17136 0.0441689 44
  274.17955 0.0548713 55
  275.18367 0.0125711 13
  275.19893 0.0131657 13
  276.11733 0.00857895 9
  276.13033 0.00747473 7
  276.15750 0.114244 114
  276.16932 0.00662533 7
  276.18231 0.00772955 8
  277.16381 0.0431496 43
  277.19190 0.0165633 17
  278.13641 0.0180922 18
  278.16361 0.024123 24
  278.17192 0.00535123 5
  279.16940 0.00849401 8
  279.19240 0.108723 109
  280.13806 0.0228489 23
  280.19271 0.0208953 21
  281.12710 0.0214898 21
  281.20222 0.0172428 17
  282.14628 0.00738979 7
  282.19095 0.00679521 7
  284.12633 0.0129958 13
  284.14403 0.0107874 11
  284.16633 0.0231037 23
  285.12310 0.0137603 14
  285.13102 0.00772955 8
  285.16536 0.00594581 6
  286.14618 0.00713497 7
  286.18288 0.0277754 28
  287.14459 0.0107025 11
  287.18040 0.0231037 23
  288.15637 0.0350803 35
  288.19254 0.00781449 8
  289.15993 0.0293043 29
  289.17657 0.0902913 90
  290.16092 0.00908859 9
  290.18175 0.0519834 52
  291.13961 0.0107025 11
  291.16630 0.00968317 10
  291.17825 0.0104476 10
  291.38521 0.00577593 6
  292.16120 0.02132 21
  292.20551 0.00764461 8
  293.17157 0.0203007 20
  293.17961 0.011297 11
  294.13387 0.00806931 8
  294.17947 0.0146097 15
  294.22240 0.00705003 7
  295.16223 0.00985305 10
  295.20254 0.00815425 8
  296.15836 0.0225941 23
  296.16291 0.0225941 23
  296.17354 0.00840907 8
  296.20315 0.00552111 6
  297.17040 0.00603075 6
  299.14480 0.00840907 8
  299.16374 0.00679521 7
  299.18268 0.00942835 9
  300.15636 0.0205555 21
  300.19637 0.018432 18
  301.16103 0.00781449 8
  301.18817 0.00696509 7
  302.14177 0.0143549 14
  302.17918 0.0135904 14
  302.21247 0.0166483 17
  303.17858 0.0125711 13
  303.21590 0.0116368 12
  305.15641 0.00688015 7
  305.20286 0.00645545 6
  306.13268 0.00637051 6
  306.14637 0.00772955 8
  307.13793 0.0102778 10
  307.18691 0.0319375 32
  307.19824 0.015629 16
  308.23588 0.0261616 26
  309.16987 0.0162236 16
  310.14427 0.00772955 8
  310.24896 0.0100229 10
  311.18554 0.0243778 24
  311.19471 0.00721991 7
  312.15848 0.00755967 8
  312.19452 0.0844305 84
  312.34920 0.00654039 7
  313.17633 0.00560605 6
  313.19808 0.032617 33
  313.21702 0.0183471 18
  314.17808 0.0310881 31
  314.21317 0.0177525 18
  314.24020 0.0186868 19
  314.24852 0.00985305 10
  315.17576 0.0147796 15
  315.18923 0.00925847 9
  315.21422 0.00883377 9
  316.18794 0.0239531 24
  317.19186 0.0102778 10
  318.20672 0.00611569 6
  320.14893 0.00993799 10
  321.18130 0.0182621 18
  321.20722 0.0394972 39
  322.21215 0.0124013 12
  323.19061 0.0132507 13
  323.19776 0.0132507 13
  324.16371 0.0119766 12
  324.20314 0.00806931 8
  324.23316 0.0152043 15
  326.21156 0.00747473 7
  327.18132 0.00620063 6
  328.18651 0.0145248 15
  328.19502 0.00789943 8
  328.23073 0.0180073 18
  329.23432 0.018432 18
  330.20495 0.127495 127
  331.18334 0.0161386 16
  331.20740 0.041111 41
  331.21675 0.032617 33
  334.16142 0.00951329 10
  334.21575 0.00645545 6
  336.19754 0.00526629 5
  336.23483 0.00569099 6
  337.23946 0.00688015 7
  338.21334 0.0165633 17
  339.16392 0.00883377 9
  339.21578 0.00501147 5
  342.22020 0.0135904 14
  342.24123 0.186104 186
  343.24193 0.0605623 61
  344.24705 0.00959823 10
  349.19857 0.00883377 9
  350.19310 0.00713497 7
  352.22675 0.502421 502
  352.73556 0.00611569 6
  353.22983 0.201223 201
  353.24711 0.0204706 20
  354.24164 0.0789094 79
  355.24504 0.02132 21
  355.25773 0.00526629 5
  356.22022 0.0403466 40
  356.24626 0.019876 20
  357.22517 0.0114669 11
  360.24589 0.00620063 6
  361.25008 0.00934341 9
  361.26494 0.00891871 9
  362.21172 0.0635352 63
  363.16426 0.00798437 8
  363.21581 0.0257369 26
  366.20515 0.00654039 7
  370.20916 0.00645545 6
  370.23651 0.432005 432
  371.24133 0.232141 232
  372.23245 0.0122314 12
  372.24496 0.0534273 53
  374.26823 0.00679521 7
  380.22250 0.357428 357
  380.23994 0.012826 13
  381.22481 0.0635352 63
  382.23136 0.0221694 22
  388.24719 0.253291 253
  388.26412 0.0309182 31
  388.84816 0.00586087 6
  389.24971 0.126051 126
  389.26777 0.00713497 7
  390.25808 0.0169031 17
  398.23114 0.3119 312
  399.23759 0.1207 121
  400.23570 0.0117217 12
  400.25066 0.00891871 9
  407.25963 0.00713497 7
  416.24173 0.319035 319
  417.22872 0.00628557 6
  417.24665 0.144568 144
  418.24802 0.0225941 23
  430.25560 0.00611569 6
  431.26040 0.0121464 12
  434.23014 0.00815425 8
  434.25374 0.251847 252
  434.27053 0.0163085 16
  435.23893 0.0146946 15
  435.25527 0.101418 101
  436.25722 0.03542 35
  440.24510 0.00976811 10
  449.26719 0.00849401 8
  458.25252 0.0243778 24
  459.24522 0.00781449 8
  459.25953 0.0304935 30
  460.25811 0.00518135 5
  476.26363 0.113565 113
  476.29518 0.00586087 6
  477.23442 0.00781449 8
  477.26684 0.0689714 69
  478.26353 0.0104476 10
//