ACCESSION: MycoMSB-HZI-003149
RECORD_TITLE: Nebucane A; timsTOF; MS2; CE:31.209302325581394; [M+H-H2O]+
DATE: 2026.06.26
AUTHORS: Charrià-Girón E, Surup F
LICENSE: CC BY
COPYRIGHT: Helmholtz Centre for Infection Research (HZI)
PUBLICATION: doi:10.1021/acs.jnatprod.2c00554
COMMENT: Converted from Bruker MetaboScape .library export
CH$NAME: Nebucane A
CH$COMPOUND_CLASS: Terpenoids
CH$FORMULA: C15H19NO2
CH$EXACT_MASS: 245.1416
CH$SMILES: CC1(C2(CC(C)(C)C=C2C=3C(=CNC3C1=O)CO)[H])[H]
CH$IUPAC: InChI=1S/C15H19NO2/c1-8-10-4-15(2,3)5-11(10)12-9(7-17)6-16-13(12)14(8)18/h5-6,8,10,16-17H,4,7H2,1-3H3
CH$LINK: INCHIKEY RLJIBZUVXXXXGI-WCBMZHEXSA-N
SP$SCIENTIFIC_NAME: Clitocybe nebularis
AC$INSTRUMENT: timsTOF Pro, Bruker Daltonics
AC$INSTRUMENT_TYPE: TIMS-TOF
AC$MASS_SPECTROMETRY: MS_TYPE MS2
AC$MASS_SPECTROMETRY: ION_MODE POSITIVE
AC$MASS_SPECTROMETRY: COLLISION_ENERGY 31.209302325581394
AC$MASS_SPECTROMETRY: CCS 137.1157684326172
MS$FOCUSED_ION: BASE_PEAK 228.13829
MS$FOCUSED_ION: PRECURSOR_M/Z 228.13829
MS$FOCUSED_ION: PRECURSOR_TYPE [M+H-H2O]+
MS$DATA_PROCESSING: Converted with library_to_massbank.py
PK$SPLASH: splash10-00di-0920000000-31d79c403b9f61cf572e
PK$NUM_PEAK: 98
PK$PEAK: m/z int. rel.int.
  103.22133 0.00513699 5
  115.05281 0.0616438 62
  116.04654 0.136986 137
  116.05159 0.0650685 65
  117.06992 0.0810502 81
  117.69017 0.0222603 22
  118.04340 0.0216895 22
  119.08577 0.0787671 79
  120.09158 0.0251142 25
  120.96567 0.0234018 23
  127.05489 0.0690639 69
  129.06750 0.0479452 48
  130.06409 0.121575 121
  131.07265 0.0530822 53
  143.08923 0.0530822 53
  144.08223 0.165525 165
  144.09202 0.0131279 13
  145.05121 0.0650685 65
  145.08889 0.0622146 62
  145.10774 0.0679224 68
  153.07144 0.0576484 58
  154.06530 0.199772 200
  155.07467 0.16895 169
  156.08125 0.460046 460
  156.08876 0.106164 106
  157.08817 0.13984 140
  157.09772 0.0559361 56
  157.77282 0.0131279 13
  159.07815 0.0371005 37
  160.64054 0.00513699 5
  161.73677 0.0136986 14
  167.71922 0.00513699 5
  168.09014 0.0702055 70
  169.08939 0.127854 128
  170.09715 1 999
  170.11201 0.0570776 57
  171.06814 0.0507991 51
  171.10434 0.489155 489
  172.07415 0.0890411 89
  172.11143 0.51484 514
  172.82596 0.0148402 15
  173.12014 0.126712 127
  173.12632 0.0496575 50
  180.07928 0.053653 54
  180.66751 0.0136986 14
  181.08825 0.0285388 29
  181.49684 0.00513699 5
  182.09792 0.0793379 79
  183.06807 0.0616438 62
  184.07884 0.146689 147
  184.11333 0.199201 199
  185.13254 0.086758 87
  185.48875 0.00570776 6
  186.09080 0.207192 207
  186.09853 0.0622146 62
  193.08952 0.0450913 45
  194.09720 0.05879 59
  195.10494 0.242009 242
  196.10947 0.0507991 51
  197.12059 0.0479452 48
  198.01764 0.00570776 6
  198.09122 0.55879 558
  198.13432 0.0405251 40
  199.09392 0.103881 104
  199.10160 0.11758 117
  199.13519 0.0502283 50
  200.10539 0.118151 118
  200.11425 0.0456621 46
  203.46723 0.00513699 5
  209.12198 0.0131279 13
  210.12732 0.280251 280
  210.13659 0.091895 92
  210.67206 0.0142694 14
  211.12948 0.0810502 81
  211.41740 0.0205479 21
  212.10653 0.222603 222
  213.11066 0.0576484 58
  213.11751 0.0525114 52
  214.11886 0.0644977 64
  214.55397 0.0348174 35
  228.13823 0.475457 475
  228.15032 0.0365297 36
  229.13949 0.175228 175
  230.33629 0.00513699 5
  314.46165 0.00513699 5
  388.99879 0.00513699 5
  610.89634 0.00513699 5
  719.15442 0.00513699 5
  731.18456 0.00513699 5
  738.34598 0.00513699 5
  754.51266 0.00513699 5
  955.93026 0.00513699 5
  1109.11646 0.00513699 5
  1207.85512 0.00513699 5
  1261.25717 0.00513699 5
  1410.40788 0.00513699 5
  1496.02650 0.00513699 5
  1741.99249 0.00513699 5
//