ACCESSION: MycoMSB-HZI-000482
RECORD_TITLE: Preussilide A; timsTOF; MS2; CE:34.0; [M+H-H2O]+
DATE: 2026.06.26
AUTHORS: Unknown
LICENSE: CC BY
COPYRIGHT: Helmholtz Centre for Infection Research (HZI)
SP$SCIENTIFIC_NAME: Preussia similis
PUBLICATION: doi:10.1021/acs.jnatprod.7b00064
COMMENT: Converted from Bruker MetaboScape .library export
CH$NAME: Preussilide A
CH$COMPOUND_CLASS: Polyketides
CH$FORMULA: C25H34O4
CH$EXACT_MASS: 398.2457
CH$SMILES: C[C@@H]1CC2=CC(=C([C@@H]([C@H]2[C@@H](C1=O)C)/C=C(\C)/C=C(\C)/C=C/C(=O)O)C[C@H](C)O)C
CH$IUPAC: InChI=1S/C25H34O4/c1-14(7-8-23(27)28)9-15(2)10-22-21(13-18(5)26)16(3)11-20-12-17(4)25(29)19(6)24(20)22/h7-11,17-19,22,24,26H,12-13H2,1-6H3,(H,27,28)/b8-7+,14-9+,15-10+/t17-,18+,19+,22+,24+/m1/s1
CH$LINK: INCHIKEY LMSUWCOEKCRCEB-XYOUVAGFSA-N
AC$INSTRUMENT: timsTOF Pro, Bruker Daltonics
AC$INSTRUMENT_TYPE: timsTOF
AC$MASS_SPECTROMETRY: MS_TYPE MS2
AC$MASS_SPECTROMETRY: ION_MODE POSITIVE
AC$MASS_SPECTROMETRY: COLLISION_ENERGY 34.0
AC$MASS_SPECTROMETRY: CCS 170.6767578125
MS$FOCUSED_ION: BASE_PEAK 381.24242
MS$FOCUSED_ION: PRECURSOR_M/Z 381.24242
MS$FOCUSED_ION: PRECURSOR_TYPE [M+H-H2O]+
MS$DATA_PROCESSING: Converted with library_to_massbank.py
PK$SPLASH: splash10-01t9-0192000000-aadfa3308bd17cac0054
PK$NUM_PEAK: 199
PK$PEAK: m/z int. rel.int.
  110.07311 0.0110254 11
  119.08611 0.0181918 18
  132.05803 0.0147464 15
  144.09243 0.0150221 15
  155.08533 0.0121279 12
  157.10158 0.0399669 40
  159.11724 0.025634 26
  161.13516 0.0329383 33
  161.14112 0.0139195 14
  163.14484 0.0166759 17
  165.07118 0.0370728 37
  165.09260 0.0124035 12
  169.10620 0.012817 13
  170.10846 0.00854465 9
  171.11777 0.0114388 11
  173.14124 0.0119901 12
  174.10170 0.0150221 15
  178.07865 0.00923374 9
  180.09236 0.0133682 13
  183.11723 0.00799338 8
  185.09744 0.0260474 26
  185.13149 0.0129548 13
  187.11183 0.0151599 15
  187.14392 0.026323 26
  187.15034 0.0135061 13
  191.08249 0.0117144 12
  192.10877 0.00551268 6
  193.10302 0.0223264 22
  194.11073 0.0141951 14
  195.11763 0.0570562 57
  196.12306 0.016538 17
  197.09250 0.0126792 13
  197.13148 0.0343164 34
  197.14216 0.0199835 20
  199.11136 0.0110254 11
  201.16048 0.0197078 20
  201.16936 0.0172271 17
  204.09290 0.0140573 14
  205.10198 0.0133682 13
  206.10904 0.0147464 15
  207.11870 0.0485116 48
  208.10576 0.0126792 13
  208.12513 0.0334895 33
  209.13388 0.0507166 51
  210.13440 0.0201213 20
  211.11736 0.0161246 16
  211.14956 0.01957 20
  212.15084 0.014333 14
  213.12481 0.0125413 13
  213.16592 0.0137817 14
  215.10926 0.00606395 6
  215.14138 0.0135061 13
  217.10290 0.0101985 10
  218.10894 0.0132304 13
  218.16670 0.0188809 19
  219.11500 0.0130926 13
  220.12704 0.0231533 23
  221.10382 0.0125413 13
  221.13109 0.0708379 71
  222.10509 0.0118523 12
  222.13834 0.0457552 46
  223.14835 0.00592613 6
  224.14956 0.011301 11
  225.08963 0.0106119 11
  225.12953 0.0136439 14
  225.16004 0.0107497 11
  226.16339 0.0125413 13
  227.10768 0.0132304 13
  227.14527 0.0164002 16
  230.10418 0.014333 14
  231.11134 0.0089581 9
  232.08972 0.00992282 10
  232.17790 0.0101985 10
  233.13226 0.0154355 15
  234.14363 0.0081312 8
  235.11285 0.0629824 63
  235.15006 0.0544377 54
  236.11043 0.0259096 26
  236.12007 0.0555402 55
  236.13446 0.0141951 14
  237.12582 0.0220507 22
  237.16195 0.0104741 10
  238.13286 0.0170893 17
  239.14136 0.00757993 8
  242.15998 0.0140573 14
  243.11998 0.0122657 12
  243.13705 0.0081312 8
  244.12571 0.0301819 30
  246.14144 0.00661521 7
  247.11192 0.0574697 57
  247.15848 0.00978501 10
  248.11867 0.0385888 39
  248.15544 0.00716648 7
  249.12718 0.0582966 58
  249.16574 0.073043 73
  250.13063 0.0151599 15
  250.16604 0.0434123 43
  250.18506 0.0151599 15
  251.13604 0.0482359 48
  251.14454 0.0464443 46
  251.18066 0.030871 31
  252.11117 0.0130926 13
  253.16100 0.0861356 86
  253.16688 0.0861356 86
  254.16186 0.0285281 28
  255.13649 0.0341786 34
  258.14238 0.0140573 14
  259.14909 0.0350055 35
  259.16705 0.0294928 29
  261.12910 0.0168137 17
  262.13546 0.166207 166
  262.17408 0.00854465 9
  263.14367 0.0261852 26
  264.15123 0.103501 103
  265.15656 0.0897189 90
  267.13925 0.0205347 21
  267.17529 0.0314223 31
  267.18733 0.0119901 12
  268.14700 0.00923374 9
  269.15459 0.0056505 6
  269.16486 0.00799338 8
  272.15256 0.014333 14
  275.14119 0.0268743 27
  275.17752 0.0176406 18
  275.18790 0.0103363 10
  276.14883 0.00702867 7
  277.10622 0.00661521 7
  277.15999 1 999
  277.17124 0.100193 100
  277.17734 0.0307332 31
  277.19737 0.00757993 8
  278.08093 0.0170893 17
  278.16205 0.204934 205
  279.13574 0.0118523 12
  279.17494 0.0137817 14
  281.15430 0.0139195 14
  281.18840 0.011301 11
  283.16960 0.0135061 13
  289.16825 0.00909592 9
  290.16125 0.0257718 26
  290.16925 0.0146086 15
  290.20655 0.00868247 9
  291.13995 0.0104741 10
  291.17491 0.113148 113
  291.21202 0.00978501 10
  292.17976 0.0629824 63
  293.15223 0.0274256 27
  293.22281 0.0107497 11
  295.16710 0.123346 123
  295.17786 0.0544377 54
  296.17343 0.0614664 61
  297.18453 0.0949559 95
  297.29211 0.00909592 9
  298.19012 0.0425854 43
  298.31247 0.00909592 9
  302.21011 0.014333 14
  303.21129 0.0341786 34
  304.17661 0.0081312 8
  304.20935 0.011301 11
  305.19069 0.0694598 69
  305.20324 0.0108875 11
  306.19838 0.0644983 64
  307.19946 0.0566428 57
  307.20625 0.0566428 57
  307.48107 0.00523705 5
  308.17049 0.0203969 20
  308.20561 0.00868247 9
  316.19015 0.012817 13
  317.19226 0.0315601 32
  318.22944 0.0125413 13
  320.21371 0.00757993 8
  321.17732 0.0147464 15
  321.22138 0.0698732 70
  322.19853 0.0122657 12
  322.22661 0.00978501 10
  323.16512 0.0103363 10
  326.19717 0.0330761 33
  331.20609 0.00675303 7
  335.23580 0.0290794 29
  335.25218 0.0114388 11
  337.21118 0.00744212 7
  339.19606 0.0104741 10
  339.23063 0.0367971 37
  339.23927 0.0129548 13
  340.19934 0.0136439 14
  340.23685 0.0139195 14
  345.22036 0.064774 65
  346.22974 0.0133682 13
  352.20743 0.0175028 17
  353.25034 0.00785557 8
  363.23171 0.369074 369
  363.26537 0.016538 17
  364.23810 0.133545 133
  364.25958 0.00551268 6
  364.79117 0.00716648 7
  366.22062 0.0121279 12
  381.23967 0.0445149 44
  382.23918 0.0152977 15
  382.25142 0.00978501 10
//