ACCESSION: MycoMSB-HZI-000388
RECORD_TITLE: Cladospirone bisepoxide; timsTOF; MS2; CE:39.7; [2M+H]+
DATE: 2026.06.26
AUTHORS: Unknown
LICENSE: CC BY
COPYRIGHT: Helmholtz Centre for Infection Research (HZI)
SP$SCIENTIFIC_NAME: Cladosporium f-24'707
PUBLICATION: doi:10.7164/antibiotics.47.1098
COMMENT: Converted from Bruker MetaboScape .library export
CH$NAME: Cladospirone bisepoxide
CH$COMPOUND_CLASS: Polyketides
CH$FORMULA: C20H14O7
CH$EXACT_MASS: 366.0740
CH$SMILES: C1=CC2=C3C(=C1)OC4([C@H]5[C@H](O5)[C@@H]([C@@]67[C@@]4(O6)C(=O)C=C[C@@H]7O)O)OC3=CC=C2
CH$IUPAC: InChI=1S/C20H14O7/c21-12-7-8-13(22)19-18(12,27-19)16(23)15-17(24-15)20(19)25-10-5-1-3-9-4-2-6-11(26-20)14(9)10/h1-8,12,15-17,21,23H/t12-,15+,16-,17+,18-,19-/m0/s1
CH$LINK: INCHIKEY AUWGMDYISSBOED-CCNMWVGKSA-N
AC$INSTRUMENT: timsTOF Pro, Bruker Daltonics
AC$INSTRUMENT_TYPE: timsTOF
AC$MASS_SPECTROMETRY: MS_TYPE MS2
AC$MASS_SPECTROMETRY: ION_MODE POSITIVE
AC$MASS_SPECTROMETRY: COLLISION_ENERGY 39.69767441860465
AC$MASS_SPECTROMETRY: CCS 249.89260864257812
MS$FOCUSED_ION: BASE_PEAK 733.15518
MS$FOCUSED_ION: PRECURSOR_M/Z 733.15518
MS$FOCUSED_ION: PRECURSOR_TYPE [2M+H]+
MS$DATA_PROCESSING: Converted with library_to_massbank.py
PK$SPLASH: splash10-000i-0339000000-9b5eb67dab527859a4d1
PK$NUM_PEAK: 90
PK$PEAK: m/z int. rel.int.
  126.06493 0.0294319 29
  127.05391 0.0253251 25
  131.05024 0.0352498 35
  136.01362 0.0321697 32
  143.04921 0.0376454 38
  151.03787 0.0308008 31
  159.04418 0.0287474 29
  161.06118 0.134155 134
  161.39442 0.0164271 16
  162.03097 0.0263518 26
  162.26800 0.00718686 7
  163.73188 0.0215606 22
  171.04499 0.326831 327
  179.03758 0.0417522 42
  180.09822 0.00787132 8
  185.05880 0.0468857 47
  197.06826 0.0297741 30
  201.01629 0.0160849 16
  213.05745 0.036961 37
  215.07278 0.0537303 54
  224.04690 0.0294319 29
  225.05482 0.0219028 22
  235.07377 0.0352498 35
  247.08297 0.0328542 33
  249.05640 0.0355921 36
  251.07276 0.10883 109
  257.06120 0.0273785 27
  259.07400 0.0270363 27
  264.07043 0.0359343 36
  265.08054 0.017796 18
  266.05941 0.0308008 31
  267.05884 0.0674196 67
  267.06820 0.00752909 8
  275.07489 0.0160849 16
  279.06640 0.0465435 46
  280.07859 0.0328542 33
  281.07949 0.0424367 42
  293.04483 0.0229295 23
  293.08012 0.109856 110
  293.09839 0.0116359 12
  294.07667 0.0171116 17
  294.38792 0.0126626 13
  295.06464 0.0355921 36
  303.06779 0.0602327 60
  304.06642 0.054757 55
  305.07922 0.0338809 34
  308.28424 0.00787132 8
  321.07385 0.133812 134
  323.07824 0.026694 27
  333.06983 0.0444901 44
  339.08370 0.0530459 53
  341.09091 0.0249829 25
  349.06793 0.112936 113
  349.08176 0.0335387 34
  350.07188 0.0800821 80
  351.08660 0.026694 27
  365.06599 0.0338809 34
  367.08276 0.0855578 85
  368.08186 0.0304586 30
  369.13899 0.022245 22
  370.06222 0.0239562 24
  371.05289 0.0383299 38
  387.05285 0.022245 22
  389.06016 1 999
  390.06515 0.227242 227
  391.07932 0.0301164 30
  391.09169 0.022245 22
  392.08532 0.0746064 75
  392.79494 0.0143737 14
  408.08210 0.0342231 34
  445.10151 0.0349076 35
  445.12131 0.0212183 21
  498.08976 0.0318275 32
  526.11540 0.0215606 22
  529.08319 0.0150582 15
  538.10197 0.0318275 32
  540.09225 0.0253251 25
  546.09978 0.0260096 26
  549.11601 0.0390144 39
  583.13731 0.0249829 25
  587.08753 0.0277207 28
  605.11320 0.0277207 28
  635.13998 0.0195072 19
  655.13596 0.0188227 19
  659.15388 0.0212183 21
  670.13082 0.017796 18
  688.15656 0.0355921 36
  697.13111 0.0184805 18
  717.13844 0.0164271 16
  784.08872 0.0277207 28
//