ACCESSION: MycoMSB-HZI-000789
RECORD_TITLE: Sparticolin G; timsTOF; MS2; CE:32.83720930232558; [M+H]+
DATE: 2026.06.26
AUTHORS: Unknown
LICENSE: CC BY
COPYRIGHT: Helmholtz Centre for Infection Research (HZI)
SP$SCIENTIFIC_NAME: Sparticola junci
PUBLICATION: doi:10.1021/acs.jnatprod.9b00604
COMMENT: Converted from Bruker MetaboScape .library export
CH$NAME: Sparticolin G
CH$COMPOUND_CLASS: Polyketides
CH$FORMULA: C19H12O5
CH$EXACT_MASS: 320.0685
CH$SMILES: C1C=CC(=O)[C@@]12C3(C=CC(=O)O2)OC4=CC=CC5=C4C(=CC=C5)O3
CH$IUPAC: InChI=1S/C19H12O5/c20-15-8-3-10-18(15)19(11-9-16(21)24-18)22-13-6-1-4-12-5-2-7-14(23-19)17(12)13/h1-9,11H,10H2/t18-/m1/s1
CH$LINK: INCHIKEY BETLGQZUJLQRQC-GOSISDBHSA-N
AC$INSTRUMENT: timsTOF Pro, Bruker Daltonics
AC$INSTRUMENT_TYPE: timsTOF
AC$MASS_SPECTROMETRY: MS_TYPE MS2
AC$MASS_SPECTROMETRY: ION_MODE POSITIVE
AC$MASS_SPECTROMETRY: COLLISION_ENERGY 32.83720930232558
AC$MASS_SPECTROMETRY: CCS 158.19210815429688
MS$FOCUSED_ION: BASE_PEAK 321.07575
MS$FOCUSED_ION: PRECURSOR_M/Z 321.07575
MS$FOCUSED_ION: PRECURSOR_TYPE [M+H]+
MS$DATA_PROCESSING: Converted with library_to_massbank.py
PK$SPLASH: splash10-03di-0490000000-ddc68f92b16a55a05899
PK$NUM_PEAK: 87
PK$PEAK: m/z int. rel.int.
  111.00757 0.369523 369
  111.56143 0.00790767 8
  115.05427 0.0647574 65
  127.05502 0.0215858 22
  129.06941 0.0179526 18
  131.04969 0.0711691 71
  133.02844 0.019876 20
  134.04067 0.0286386 29
  139.05421 0.0100449 10
  141.07016 0.0117546 12
  143.05385 0.0252191 25
  152.05923 0.0256465 26
  153.06970 0.023723 24
  155.04977 0.0641163 64
  155.08704 0.0468049 47
  159.04449 0.0371874 37
  165.07037 0.0570635 57
  166.07253 0.0207309 21
  167.08802 0.0324856 32
  168.06200 0.0226544 23
  170.03475 0.0162428 16
  171.04544 0.0978842 98
  177.07789 0.0252191 25
  178.07634 0.0224407 22
  178.08678 0.0224407 22
  182.07076 0.0213721 21
  183.08105 0.0203035 20
  184.05264 0.078863 79
  184.08565 0.0160291 16
  185.06320 0.0269288 27
  187.04020 0.0534302 53
  190.07173 0.00598418 6
  190.08251 0.022227 22
  191.08233 0.0200898 20
  192.08910 0.0224407 22
  195.08019 0.0438128 44
  197.05722 0.0181663 18
  201.06940 0.0128233 13
  202.06209 0.0205172 20
  202.07347 0.040607 41
  203.08397 0.0277837 28
  203.09957 0.0149605 15
  205.09962 0.0213721 21
  206.07075 0.0205172 20
  208.08534 0.0149605 15
  210.97902 0.00833511 8
  211.03838 0.412909 412
  211.07567 1 999
  211.08781 0.0478735 48
  212.08013 0.279761 279
  212.26012 0.00555674 6
  212.67965 0.00833511 8
  213.67083 0.00705279 7
  215.08622 0.0185937 19
  217.06695 0.0446677 45
  218.07189 0.00854884 9
  219.07786 0.0196623 20
  219.29323 0.00812139 8
  221.05721 0.0156016 16
  221.09675 0.0243642 24
  223.07511 0.152597 152
  224.04410 0.0190212 19
  224.46573 0.00983116 10
  231.08035 0.0170977 17
  233.06053 0.00726651 7
  234.06696 0.0463774 46
  235.06596 0.0254328 25
  237.05565 0.0540714 54
  241.05362 0.0177388 18
  247.07244 0.226117 226
  248.07666 0.0506518 51
  249.09340 0.0410344 41
  250.09344 0.0160291 16
  251.07229 0.0583458 58
  252.07383 0.0164565 16
  253.04888 0.0433853 43
  254.05206 0.0418893 42
  275.06845 0.0485146 48
  276.07335 0.0181663 18
  277.08087 0.0158153 16
  279.06487 0.278906 279
  280.07107 0.0557811 56
  286.06967 0.0177388 18
  302.61256 0.0194486 19
  303.06715 0.022227 22
  304.06463 0.0209446 21
  321.06784 0.0200898 20
//