ACCESSION: MycoMSB-HZI-003068
RECORD_TITLE: Heimiomycin D; timsTOF; MS2; CE:33.81395348837209; [M+H]+
DATE: 2026.06.26
AUTHORS: Charrià-Girón E, Surup F
LICENSE: CC BY
COPYRIGHT: Helmholtz Centre for Infection Research (HZI)
PUBLICATION: doi:10.1021/acs.jnatprod.2c01015
COMMENT: Converted from Bruker MetaboScape .library export
CH$NAME: Heimiomycin D
CH$COMPOUND_CLASS: Terpenoids
CH$FORMULA: C22H24O7
CH$EXACT_MASS: 400.1522
CH$SMILES: CC(C)C1(CCC(C)(C2=C1C(=C(C=O)C(=C2O)O)C=3C(C(=C(C)C(C3O)=O)O)=O)[H])[H]
CH$IUPAC: InChI=1S/C22H24O7/c1-8(2)11-6-5-9(3)13-14(11)15(12(7-23)19(26)20(13)27)16-21(28)17(24)10(4)18(25)22(16)29/h7-9,11,24,26-27,29H,5-6H2,1-4H3
CH$LINK: INCHIKEY UTFNFJGYVPYTEJ-GXSJLCMTSA-N
SP$SCIENTIFIC_NAME: Heimiomyces sp.
AC$INSTRUMENT: timsTOF Pro, Bruker Daltonics
AC$INSTRUMENT_TYPE: TIMS-TOF
AC$MASS_SPECTROMETRY: MS_TYPE MS2
AC$MASS_SPECTROMETRY: ION_MODE POSITIVE
AC$MASS_SPECTROMETRY: COLLISION_ENERGY 33.81395348837209
AC$MASS_SPECTROMETRY: CCS 172.310302734375
MS$FOCUSED_ION: BASE_PEAK 401.15948
MS$FOCUSED_ION: PRECURSOR_M/Z 401.15948
MS$FOCUSED_ION: PRECURSOR_TYPE [M+H]+
MS$DATA_PROCESSING: Converted with library_to_massbank.py
PK$SPLASH: splash10-004r-0092000000-02060b974417aa911961
PK$NUM_PEAK: 191
PK$PEAK: m/z int. rel.int.
  119.05024 0.0212687 21
  135.04421 0.0138709 14
  141.07037 0.0234881 23
  143.04844 0.0223784 22
  143.08773 0.0212687 21
  145.06478 0.0244128 24
  155.04828 0.0216386 22
  155.08724 0.0177548 18
  159.05897 0.0253375 25
  159.08462 0.0162752 16
  160.08052 0.0190494 19
  163.07688 0.0183096 18
  164.04111 0.0214537 21
  167.03371 0.0329203 33
  173.05891 0.0216386 22
  175.03791 0.020344 20
  175.07516 0.0199741 20
  187.04003 0.157758 158
  188.04374 0.020344 20
  188.07592 0.0207139 21
  188.28406 0.00758276 8
  189.08980 0.0122064 12
  191.03476 0.0212687 21
  191.07279 0.0569632 57
  201.05401 0.0736083 74
  201.09172 0.0159053 16
  205.05270 0.0249676 25
  206.05291 0.0173849 17
  215.06952 0.0702793 70
  217.04949 0.0540041 54
  218.13204 0.0240429 24
  219.03165 0.0266321 27
  219.06906 0.104309 104
  219.12426 0.00739782 7
  219.28637 0.00961716 10
  219.30722 0.0081376 8
  220.06535 0.0220085 22
  225.05476 0.114851 115
  227.06760 0.0197892 20
  228.07282 0.0146107 15
  229.04762 0.196412 196
  229.06369 0.0159053 16
  230.04959 0.013686 14
  233.07970 0.0179397 18
  237.08966 0.023858 24
  239.06964 0.0314407 31
  239.10505 0.0181247 18
  243.05936 0.161642 161
  243.06636 0.158868 159
  244.07696 0.0227483 23
  245.04236 0.0832254 83
  245.07993 0.0184945 18
  246.05009 0.0540041 54
  246.19785 0.0081376 8
  247.05925 0.146107 146
  248.05915 0.040688 41
  248.06916 0.0212687 21
  253.04791 0.0826706 83
  253.08499 0.0558535 56
  253.15783 0.0251526 25
  253.54623 0.00536342 5
  255.06285 0.0171999 17
  255.09782 0.00721287 7
  256.06810 0.0332902 33
  256.07560 0.0116516 12
  257.04298 0.18624 186
  257.05172 0.0893286 89
  257.07783 0.0527095 53
  257.08535 0.0343999 34
  257.09288 0.0212687 21
  258.08201 0.013686 14
  259.06072 0.0830405 83
  261.03914 0.0380988 38
  261.07121 0.0534492 53
  262.04860 0.0454966 45
  263.05869 0.0171999 17
  267.06710 0.0138709 14
  268.06497 0.0266321 27
  271.05851 0.336971 337
  271.10291 0.0249676 25
  271.12127 0.0273719 27
  271.13036 0.0294063 29
  272.02864 0.0220085 22
  272.06235 0.0734233 73
  272.08024 0.0194193 19
  273.03831 0.0255225 25
  273.08225 0.00961716 10
  274.03950 0.013686 14
  274.07058 0.00554836 6
  274.89208 0.00647309 6
  274.97249 0.00647309 6
  275.03733 0.0114666 11
  275.05475 0.995006 994
  275.06847 0.0205289 21
  275.09181 0.013501 13
  275.12814 0.0144257 14
  275.87068 0.00869244 9
  276.05790 0.154984 155
  276.07077 0.0214537 21
  277.07158 0.0173849 17
  281.07883 0.13649 136
  281.10962 0.013686 14
  282.08082 0.0142408 14
  283.10370 0.00924727 9
  284.05989 0.00517847 5
  284.36051 0.00998705 10
  285.03790 0.369521 369
  285.06786 0.0264472 26
  285.07578 0.0144257 14
  286.04156 0.0257074 26
  286.08026 0.0281117 28
  286.09085 0.0061032 6
  287.04146 0.0138709 14
  287.05392 0.057518 57
  287.08211 0.0314407 31
  288.09187 0.0109118 11
  289.06991 1 999
  289.08835 0.0155354 16
  289.10963 0.0138709 14
  289.75096 0.00702793 7
  290.03859 0.00943222 9
  290.07311 0.172924 173
  291.07312 0.0208988 21
  291.14190 0.0621417 62
  292.14959 0.0153505 15
  293.08075 0.0151655 15
  295.09528 0.0251526 25
  297.04122 0.0369891 37
  298.08638 0.0295913 30
  299.05350 0.613834 613
  299.09072 0.0713889 71
  299.12610 0.020344 20
  299.93555 0.00906233 9
  300.05781 0.0680599 68
  300.09269 0.0312558 31
  300.10082 0.0151655 15
  301.06627 0.0177548 18
  303.04366 0.0392084 39
  303.08578 0.0671352 67
  303.11890 0.0112817 11
  304.10556 0.0221935 22
  305.12113 0.0179397 18
  307.09706 0.0179397 18
  310.07841 0.0192343 19
  311.11218 0.00961716 10
  311.16185 0.0127612 13
  312.05924 0.0194193 19
  312.10898 0.0153505 15
  313.06961 0.100425 100
  313.10461 0.0467912 47
  314.10460 0.0081376 8
  315.65064 0.0081376 8
  316.04993 0.0301461 30
  317.05842 0.0390235 39
  317.06677 0.0218236 22
  317.10298 0.0188644 19
  317.11412 0.0197892 20
  318.90773 0.00924727 9
  320.10441 0.0144257 14
  323.09186 0.0196042 20
  325.07146 0.0179397 18
  326.80257 0.0061032 6
  327.08374 0.197707 198
  327.15896 0.037174 37
  332.10326 0.00517847 5
  336.09458 0.0214537 21
  337.14421 0.047346 47
  338.14233 0.0186795 19
  339.07780 0.0190494 19
  340.10009 0.0245977 25
  341.11437 0.0103569 10
  345.09736 0.0214537 21
  345.16222 0.017015 17
  347.13244 0.0242279 24
  349.66379 0.013686 14
  350.11145 0.0301461 30
  351.11608 0.0273719 27
  353.09731 0.0155354 16
  354.11210 0.0160903 16
  355.15686 0.0898835 90
  356.15785 0.0680599 68
  365.13465 0.0205289 21
  374.17175 0.0207139 21
  382.13504 0.00924727 9
  383.14620 0.35528 355
  384.14853 0.0771222 77
  384.16293 0.0466063 47
  384.65572 0.00869244 9
  400.14780 0.010172 10
  401.14970 0.0125763 13
  401.22489 0.00684298 7
//