ACCESSION: MycoMSB-HZI-003281
RECORD_TITLE: Heimionone A; timsTOF; MS2; CE:34.906976744186046; [M+Na]+
DATE: 2026.06.26
AUTHORS: Charrià-Girón E, Surup F
LICENSE: CC BY
COPYRIGHT: Helmholtz Centre for Infection Research (HZI)
PUBLICATION: doi:10.3390/molecules28093723
COMMENT: Converted from Bruker MetaboScape .library export
CH$NAME: Heimionone A
CH$FORMULA: C22H28O5
CH$EXACT_MASS: 372.1937
CH$SMILES: C
CH$IUPAC: InChI=1S/C22H28O5/c1-7-12(2)8-11-16(24)27-21-17-15(14(4)23)10-9-13(3)19(25)18(17)20(26)22(21,5)6/h7-11,14,20-21,23,26H,1-6H3/b11-8+,12-7+/t14-,20-,21-/m0/s1
CH$LINK: INCHIKEY KXBIRHKIESBHKT-QHBQVUQKSA-N
SP$SCIENTIFIC_NAME: Heimiomyces sp.
AC$INSTRUMENT: timsTOF Pro, Bruker Daltonics
AC$INSTRUMENT_TYPE: TIMS-TOF
AC$MASS_SPECTROMETRY: MS_TYPE MS2
AC$MASS_SPECTROMETRY: ION_MODE POSITIVE
AC$MASS_SPECTROMETRY: COLLISION_ENERGY 34.906976744186046
AC$MASS_SPECTROMETRY: CCS 188.3466033935547
MS$FOCUSED_ION: BASE_PEAK 395.18289
MS$FOCUSED_ION: PRECURSOR_M/Z 395.18289
MS$FOCUSED_ION: PRECURSOR_TYPE [M+Na]+
MS$DATA_PROCESSING: Converted with library_to_massbank.py
PK$SPLASH: splash10-0fvi-0490000000-422e8f3ff2763a4a8af1
PK$NUM_PEAK: 70
PK$PEAK: m/z int. rel.int.
  113.20160 0.00732303 7
  126.89833 0.00732303 7
  131.08458 0.289666 289
  131.09088 0.105777 106
  147.08191 0.0650936 65
  149.05762 0.0683483 68
  168.09465 0.0699756 70
  169.09391 0.0943857 94
  172.08894 0.0699756 70
  172.74414 0.00732303 7
  173.12880 0.0699756 70
  173.88909 0.0227828 23
  175.11027 0.161107 161
  179.17611 0.00732303 7
  183.11501 0.117168 117
  183.60217 0.00732303 7
  186.10130 0.27502 275
  187.11191 0.0520749 52
  188.08224 0.117982 118
  188.09082 0.08869 89
  188.11442 0.096013 96
  189.08753 0.0903173 90
  191.10616 0.08869 89
  193.10072 0.100081 100
  201.12264 0.268511 268
  201.12929 0.172498 172
  203.10625 0.0707893 71
  204.11316 0.219691 219
  204.72343 0.00732303 7
  205.12200 0.0618389 62
  211.10850 0.096013 96
  227.81288 0.00732303 7
  229.12081 0.908055 907
  230.12299 0.0699756 70
  232.10861 0.0781123 78
  247.12983 0.366965 367
  248.13552 0.148088 148
  248.49047 0.0219691 22
  269.11535 1 999
  270.11675 0.244915 245
  270.26927 0.0162734 16
  285.47458 0.00732303 7
  291.93026 0.00732303 7
  342.88750 0.00732303 7
  356.25809 0.00732303 7
  374.16859 0.00732303 7
  388.48760 0.00732303 7
  395.17868 0.081367 81
  396.18369 0.0764849 76
  425.44847 0.00732303 7
  427.85230 0.00732303 7
  436.80272 0.00732303 7
  475.43899 0.00732303 7
  584.71628 0.00732303 7
  693.24301 0.00732303 7
  714.67826 0.00732303 7
  812.87528 0.00732303 7
  828.37924 0.00732303 7
  840.08973 0.00732303 7
  1027.83587 0.00732303 7
  1036.22275 0.00732303 7
  1249.89173 0.00732303 7
  1307.05365 0.00732303 7
  1357.98394 0.00732303 7
  1363.07853 0.00732303 7
  1371.94024 0.00732303 7
  1376.92742 0.00732303 7
  1436.93374 0.00732303 7
  1587.07451 0.00732303 7
  1781.24266 0.00732303 7
//