ACCESSION: MycoMSB-HZI-000788
RECORD_TITLE: Sparticolin G; timsTOF; MS2; CE:32.0; [M+H-H2O]+
DATE: 2026.06.26
AUTHORS: Unknown
LICENSE: CC BY
COPYRIGHT: Helmholtz Centre for Infection Research (HZI)
SP$SCIENTIFIC_NAME: Sparticola junci
PUBLICATION: doi:10.1021/acs.jnatprod.9b00604
COMMENT: Converted from Bruker MetaboScape .library export
CH$NAME: Sparticolin G
CH$COMPOUND_CLASS: Polyketides
CH$FORMULA: C19H12O5
CH$EXACT_MASS: 320.0685
CH$SMILES: C1C=CC(=O)[C@@]12C3(C=CC(=O)O2)OC4=CC=CC5=C4C(=CC=C5)O3
CH$IUPAC: InChI=1S/C19H12O5/c20-15-8-3-10-18(15)19(11-9-16(21)24-18)22-13-6-1-4-12-5-2-7-14(23-19)17(12)13/h1-9,11H,10H2/t18-/m1/s1
CH$LINK: INCHIKEY BETLGQZUJLQRQC-GOSISDBHSA-N
AC$INSTRUMENT: timsTOF Pro, Bruker Daltonics
AC$INSTRUMENT_TYPE: timsTOF
AC$MASS_SPECTROMETRY: MS_TYPE MS2
AC$MASS_SPECTROMETRY: ION_MODE POSITIVE
AC$MASS_SPECTROMETRY: COLLISION_ENERGY 32.04651162790698
AC$MASS_SPECTROMETRY: CCS 144.27630615234375
MS$FOCUSED_ION: BASE_PEAK 303.06519
MS$FOCUSED_ION: PRECURSOR_M/Z 303.06519
MS$FOCUSED_ION: PRECURSOR_TYPE [M+H-H2O]+
MS$DATA_PROCESSING: Converted with library_to_massbank.py
PK$SPLASH: splash10-0uxs-0094000000-21b7a822364807ea9d99
PK$NUM_PEAK: 81
PK$PEAK: m/z int. rel.int.
  162.02957 0.0145631 15
  162.08334 0.0145631 15
  165.07019 0.134304 134
  169.53539 0.0145631 15
  186.90416 0.0145631 15
  188.12937 0.0145631 15
  192.24522 0.0145631 15
  198.61271 0.0145631 15
  218.07060 0.326861 327
  219.07834 0.254045 254
  219.09188 0.145631 145
  220.54818 0.0420712 42
  221.84632 0.0145631 15
  231.08034 0.208738 209
  241.06334 0.0307443 31
  246.06529 0.173139 173
  247.07792 0.517799 517
  247.67509 0.0404531 40
  248.08390 0.100324 100
  252.98112 0.139159 139
  259.51884 0.0161812 16
  270.28225 0.0161812 16
  270.95128 0.0145631 15
  274.81686 0.0145631 15
  275.06845 0.142395 142
  276.02917 0.0307443 31
  276.07855 0.124595 124
  277.19466 0.0372168 37
  286.06438 0.132686 133
  297.36480 0.0145631 15
  298.44473 0.0145631 15
  303.06613 1 999
  303.07532 0.0987055 99
  304.07008 0.13754 137
  339.36299 0.0145631 15
  379.89999 0.0145631 15
  384.17111 0.0145631 15
  388.24108 0.0145631 15
  445.41004 0.0145631 15
  450.53499 0.0145631 15
  453.70132 0.0145631 15
  484.56861 0.0145631 15
  499.72207 0.0145631 15
  503.37227 0.0145631 15
  505.75450 0.0145631 15
  521.06889 0.0145631 15
  522.06914 0.0145631 15
  582.73627 0.0161812 16
  613.25824 0.0145631 15
  632.06728 0.0145631 15
  634.30690 0.0145631 15
  657.69894 0.0145631 15
  680.55118 0.0145631 15
  687.80126 0.0145631 15
  712.06753 0.0145631 15
  746.94544 0.0145631 15
  816.23294 0.0145631 15
  850.65978 0.0145631 15
  866.44925 0.0145631 15
  877.49327 0.0145631 15
  893.35572 0.0145631 15
  937.95920 0.0145631 15
  943.02491 0.0145631 15
  945.37049 0.0145631 15
  949.29912 0.0145631 15
  1057.10819 0.0145631 15
  1092.35175 0.0145631 15
  1123.22939 0.0145631 15
  1185.74768 0.0145631 15
  1209.76177 0.0145631 15
  1254.38692 0.0145631 15
  1278.00329 0.0145631 15
  1323.59095 0.0145631 15
  1374.81604 0.0145631 15
  1401.50760 0.0145631 15
  1430.99314 0.0145631 15
  1455.08780 0.0145631 15
  1474.55646 0.0145631 15
  1585.57982 0.0145631 15
  1588.19692 0.0161812 16
  1662.91953 0.0145631 15
//