ACCESSION: MycoMSB-HZI-000960
RECORD_TITLE: Trichothecolone acetate; timsTOF; MS2; CE:32.3953488372093; [M+Na]+
DATE: 2026.06.26
AUTHORS: Charrià-Girón E, Surup F
LICENSE: CC BY
COPYRIGHT: Helmholtz Centre for Infection Research (HZI)
SP$SCIENTIFIC_NAME: Microcyclospora tardicrescens
PUBLICATION: doi:10.1021/jf500153d
COMMENT: Converted from Bruker MetaboScape .library export
CH$NAME: Trichothecolone acetate
CH$FORMULA: C17H22O5
CH$EXACT_MASS: 306.1467
CH$SMILES: C
CH$IUPAC: InChI=1S/C17H22O5/c1-9-5-12-15(3,7-11(9)19)16(4)13(21-10(2)18)6-14(22-12)17(16)8-20-17/h5,12-14H,6-8H2,1-4H3/t12?,13-,14?,15+,16-,17?/m1/s1
CH$LINK: INCHIKEY N/A
AC$INSTRUMENT: timsTOF Pro, Bruker Daltonics
AC$INSTRUMENT_TYPE: timsTOF
AC$MASS_SPECTROMETRY: MS_TYPE MS2
AC$MASS_SPECTROMETRY: ION_MODE POSITIVE
AC$MASS_SPECTROMETRY: COLLISION_ENERGY 32.3953488372093
AC$MASS_SPECTROMETRY: CCS 157.96331787109375
MS$FOCUSED_ION: BASE_PEAK 329.13594
MS$FOCUSED_ION: PRECURSOR_M/Z 329.13594
MS$FOCUSED_ION: PRECURSOR_TYPE [M+Na]+
MS$DATA_PROCESSING: Converted with library_to_massbank.py
PK$SPLASH: splash10-004l-1974522432-46a7447b9c59b5c79531
PK$NUM_PEAK: 98
PK$PEAK: m/z int. rel.int.
  104.74322 0.12 120
  137.33134 0.12 120
  164.36172 0.12 120
  176.06576 1 999
  181.17703 0.12 120
  184.49979 0.12 120
  194.34165 0.12 120
  218.54092 0.12 120
  241.93577 0.12 120
  256.57614 0.12 120
  263.28164 0.12 120
  266.36678 0.12 120
  277.80141 0.12 120
  281.53686 0.12 120
  281.85190 0.12 120
  294.04246 0.813333 813
  295.75891 0.12 120
  329.21854 0.293333 293
  353.05263 0.12 120
  356.48203 0.12 120
  359.37329 0.12 120
  422.27905 0.12 120
  425.68992 0.12 120
  434.28200 0.12 120
  445.52820 0.12 120
  452.54190 0.12 120
  481.14445 0.12 120
  481.88585 0.12 120
  494.10053 0.12 120
  496.55485 0.12 120
  523.11251 0.12 120
  557.68134 0.12 120
  576.85977 0.12 120
  595.27807 0.12 120
  604.58037 0.12 120
  624.96453 0.12 120
  633.20338 0.12 120
  685.78338 0.12 120
  705.50336 0.12 120
  732.13696 0.133333 133
  739.77946 0.12 120
  758.58319 0.12 120
  783.93433 0.12 120
  800.08110 0.12 120
  805.18624 0.12 120
  806.55391 0.12 120
  814.67713 0.12 120
  838.52988 0.12 120
  839.00102 0.12 120
  851.49797 0.12 120
  886.83931 0.12 120
  908.67949 0.12 120
  954.62551 0.12 120
  970.32908 0.12 120
  970.99186 0.12 120
  973.04500 0.12 120
  978.88460 0.12 120
  1000.35852 0.12 120
  1003.17061 0.12 120
  1022.52555 0.12 120
  1062.03488 0.12 120
  1088.85241 0.12 120
  1105.51530 0.12 120
  1110.55552 0.12 120
  1128.22350 0.12 120
  1129.33764 0.12 120
  1159.75495 0.12 120
  1161.67345 0.12 120
  1161.80140 0.12 120
  1172.44635 0.12 120
  1184.71142 0.12 120
  1204.49868 0.12 120
  1210.08589 0.12 120
  1267.76034 0.12 120
  1300.38178 0.12 120
  1312.75281 0.12 120
  1316.00225 0.12 120
  1364.34745 0.12 120
  1386.53086 0.12 120
  1391.26438 0.12 120
  1425.87678 0.12 120
  1435.79335 0.12 120
  1452.36555 0.12 120
  1454.10673 0.12 120
  1457.66986 0.12 120
  1458.33881 0.12 120
  1519.09327 0.12 120
  1520.65515 0.12 120
  1575.50258 0.12 120
  1618.25689 0.12 120
  1645.78296 0.12 120
  1681.02361 0.12 120
  1712.93249 0.12 120
  1732.90417 0.12 120
  1752.02246 0.12 120
  1772.06204 0.12 120
  1777.94047 0.12 120
  1792.85135 0.12 120
//