ACCESSION: MycoMSB-HZI-000879
RECORD_TITLE: Daldinone A; timsTOF; MS2; CE:32.2; [M+H-H2O]+
DATE: 2026.06.26
AUTHORS: Unknown
LICENSE: CC BY
COPYRIGHT: Helmholtz Centre for Infection Research (HZI)
SP$SCIENTIFIC_NAME: Daldinia sp.
PUBLICATION: doi:10.1021/np020301h
COMMENT: Converted from Bruker MetaboScape .library export
CH$NAME: Daldinone A
CH$COMPOUND_CLASS: Polyketides
CH$FORMULA: C20H16O5
CH$EXACT_MASS: 336.0998
CH$SMILES: C1CC(=O)C2=C(C=CC3=C2[C@H]1[C@H]4[C@@]3(C5=C(C(=O)C4)C(=CC=C5)O)O)O
CH$IUPAC: InChI=1S/C20H16O5/c21-13-3-1-2-10-18(13)16(24)8-12-9-4-6-14(22)19-15(23)7-5-11(17(9)19)20(10,12)25/h1-3,5,7,9,12,21,23,25H,4,6,8H2/t9-,12+,20+/m1/s1
CH$LINK: INCHIKEY OYRYUFABCKQXTO-HGCCHXFOSA-N
AC$INSTRUMENT: timsTOF Pro, Bruker Daltonics
AC$INSTRUMENT_TYPE: timsTOF
AC$MASS_SPECTROMETRY: MS_TYPE MS2
AC$MASS_SPECTROMETRY: ION_MODE POSITIVE
AC$MASS_SPECTROMETRY: COLLISION_ENERGY 32.23255813953489
AC$MASS_SPECTROMETRY: CCS 149.9848175048828
MS$FOCUSED_ION: BASE_PEAK 319.09649
MS$FOCUSED_ION: PRECURSOR_M/Z 319.09649
MS$FOCUSED_ION: PRECURSOR_TYPE [M+H-H2O]+
MS$DATA_PROCESSING: Converted with library_to_massbank.py
PK$SPLASH: splash10-0f6t-0091000000-e3092be25b3bb3a94ad5
PK$NUM_PEAK: 78
PK$PEAK: m/z int. rel.int.
  131.04866 0.0130108 13
  159.04252 0.00603296 6
  160.05088 0.0207883 21
  173.06063 0.00645091 6
  178.07677 0.00774109 8
  189.06699 0.00906762 9
  193.10054 0.00815904 8
  197.05740 0.00616016 6
  201.06763 0.00574222 6
  202.07614 0.00657811 7
  203.08516 0.0149189 15
  205.06532 0.00561502 6
  206.07454 0.013665 14
  207.07969 0.0162272 16
  207.08580 0.0147008 15
  208.08344 0.00625102 6
  217.09916 0.00721412 7
  219.07954 0.0418673 42
  220.08583 0.00795915 8
  221.09470 0.0396322 40
  222.09960 0.0108121 11
  226.07644 0.00766841 8
  227.08385 0.00617834 6
  228.08669 0.0055605 6
  231.07927 0.162817 163
  231.08926 0.0250223 25
  232.08428 0.0233868 23
  233.09591 0.00525159 5
  234.06894 0.0328542 33
  235.06668 0.033145 33
  235.07444 0.067144 67
  235.11236 0.00674165 7
  235.12064 0.00632371 6
  236.07688 0.00979448 10
  236.08028 0.00979448 10
  243.07977 0.00655994 7
  245.09534 0.0569861 57
  246.06697 0.0072868 7
  246.10043 0.012502 12
  247.07459 0.0573495 57
  248.08134 0.0398684 40
  249.09033 1 999
  249.10946 0.0156639 16
  249.55673 0.00506987 5
  250.09355 0.107485 107
  255.07959 0.086424 86
  256.08203 0.0176264 18
  259.07476 0.065454 65
  260.07575 0.00954008 10
  260.08252 0.0109756 11
  262.06169 0.0808999 81
  263.06935 0.223074 223
  263.10619 0.0235867 24
  264.07335 0.0294561 29
  265.08445 0.00877687 9
  271.07557 0.0100671 10
  272.08450 0.0151006 15
  273.05383 0.00695971 7
  273.09026 0.242772 243
  274.09362 0.0287111 29
  275.06939 0.155803 156
  276.07613 0.0747942 75
  277.08466 0.267831 268
  278.08837 0.0466646 47
  283.07452 0.0772837 77
  284.08155 0.0230597 23
  286.06107 0.0124839 12
  289.08501 0.0066508 7
  291.10014 0.241173 241
  292.10377 0.0459014 46
  299.06731 0.00621468 6
  299.07383 0.00621468 6
  300.07764 0.0226418 23
  301.08485 0.406153 406
  302.08700 0.0669441 67
  304.07451 0.00895859 9
  319.09494 0.185423 185
  320.10019 0.0231869 23
//