ACCESSION: MycoMSB-HZI-000139
RECORD_TITLE: (3aS)-6-hydroxy-3a,5,5,8-tetramethyl-3,3a,4,5-tetrahydro-1Hcyclopenta[de]isochromen1-one; timsTOF; MS2; CE:35.1; [M+H-H2O]+
DATE: 2026.06.26
AUTHORS: Unknown
LICENSE: CC BY
COPYRIGHT: Helmholtz Centre for Infection Research (HZI)
SP$SCIENTIFIC_NAME: Hypoxylon rickii
PUBLICATION: doi:10.1016/j.phytochem.2015.06.002
COMMENT: Converted from Bruker MetaboScape .library export
CH$NAME: (3aS)-6-hydroxy-3a,5,5,8-tetramethyl-3,3a,4,5-tetrahydro-1Hcyclopenta[de]isochromen1-one
CH$COMPOUND_CLASS: Terpenoids
CH$FORMULA: C15H18O3
CH$EXACT_MASS: 246.1256
CH$SMILES: C1(=C(C=C2C3=C1C(OCC3(CC2(C)C)C)=O)O)C
CH$IUPAC: InChI=1S/C15H18O3/c1-8-10(16)5-9-12-11(8)13(17)18-7-15(12,4)6-14(9,2)3/h5,16H,6-7H2,1-4H3/t15-/m1/s1
CH$LINK: INCHIKEY OGKCRIOQDYPIOZ-OAHLLOKOSA-N
AC$INSTRUMENT: timsTOF Pro, Bruker Daltonics
AC$INSTRUMENT_TYPE: timsTOF
AC$MASS_SPECTROMETRY: MS_TYPE MS2
AC$MASS_SPECTROMETRY: ION_MODE POSITIVE
AC$MASS_SPECTROMETRY: COLLISION_ENERGY 35.112
AC$MASS_SPECTROMETRY: CCS 150.8212432861328
MS$FOCUSED_ION: BASE_PEAK 229.12231
MS$FOCUSED_ION: PRECURSOR_M/Z 229.12231
MS$FOCUSED_ION: PRECURSOR_TYPE [M+H-H2O]+
MS$DATA_PROCESSING: Converted with library_to_massbank.py
PK$SPLASH: splash10-00dr-0910000000-f7ac63e2aca2d79d9764
PK$NUM_PEAK: 100
PK$PEAK: m/z int. rel.int.
  55.01765 0.0154235 15
  77.03798 0.0123044 12
  91.05447 0.0494843 49
  93.06929 0.00692657 7
  103.05321 0.00615432 6
  105.07033 0.0467773 47
  115.05436 0.0524336 52
  116.06345 0.0217129 22
  117.07000 0.0433906 43
  119.08596 0.033498 33
  121.06311 0.0522422 52
  127.05457 0.0187205 19
  128.06240 0.0670606 67
  129.06773 0.0959213 96
  130.07665 0.031596 32
  131.04997 0.0108813 11
  131.08539 0.104414 104
  132.09013 0.0225602 23
  133.06549 0.00521651 5
  133.10038 0.0126258 13
  135.08037 0.0136377 14
  141.07199 0.109682 110
  142.07591 0.0540621 54
  143.08568 0.124421 124
  144.05942 0.0887974 89
  144.09293 0.0602172 60
  145.06996 0.1296 129
  145.10022 0.126371 126
  146.07052 0.0673301 67
  146.10560 0.0259246 26
  147.07769 0.025429 25
  152.06108 0.0166468 17
  153.07102 0.0579805 58
  154.07750 0.0448653 45
  155.08600 0.0939496 94
  155.09679 0.00744144 7
  156.09270 0.0178871 18
  157.06485 0.136082 136
  157.10148 0.0293932 29
  158.07267 0.288155 288
  158.11564 0.0813284 81
  159.07763 0.395128 395
  159.11876 0.116469 116
  160.08296 0.0807198 81
  160.12014 0.0246652 25
  161.05931 0.00946254 9
  161.09294 0.0279057 28
  165.07278 0.00715916 7
  166.07693 0.00851907 9
  167.08511 0.0269003 27
  168.09351 0.0455654 46
  169.07374 0.0153892 15
  169.10111 0.0750426 75
  170.07618 0.0118245 12
  170.10518 0.00567858 6
  171.08056 0.356272 356
  172.07313 0.00822867 8
  172.08829 1 999
  172.10371 0.00686345 7
  173.05890 0.00525493 5
  173.09559 0.437215 437
  173.13021 0.028356 28
  174.06737 0.0162283 16
  174.09611 0.0469957 47
  174.13997 0.0112076 11
  175.07469 0.0133654 13
  178.07895 0.010278 10
  181.06754 0.0471817 47
  183.08541 0.0146451 15
  183.11729 0.0259776 26
  184.08909 0.00969873 10
  184.11969 0.00566094 6
  185.05924 0.0116463 12
  185.09978 0.0945888 94
  186.06987 0.0057454 6
  186.10408 0.435748 435
  187.07520 0.0833863 83
  187.11154 0.522142 522
  187.12461 0.0191009 19
  188.08427 0.0234329 23
  188.11245 0.0726576 73
  189.09320 0.00831498 8
  193.10283 0.0156127 16
  195.07997 0.0181054 18
  196.08874 0.0550861 55
  197.09726 0.0303452 30
  199.08146 0.1193 119
  199.11286 0.0391781 39
  200.08355 0.0303562 30
  201.08861 0.0156021 16
  201.12735 0.225127 225
  201.13951 0.00511401 5
  202.13286 0.0409968 41
  211.11251 0.0338154 34
  212.11702 0.00506051 5
  213.09001 0.00845104 8
  214.10208 0.0906154 91
  215.10261 0.0183524 18
  229.12288 0.246289 246
  230.12651 0.0418456 42
//