ACCESSION: MycoMSB-HZI-003050
RECORD_TITLE: Beauverolide Q; timsTOF; MS2; CE:30.0; [M+H]+
DATE: 2026.06.26
AUTHORS: Charrià-Girón E, Surup F
LICENSE: CC BY
COPYRIGHT: Helmholtz Centre for Infection Research (HZI)
PUBLICATION: doi:10.3897/imafungus.16.172651
COMMENT: Converted from Bruker MetaboScape .library export
CH$NAME: Beauverolide Q
CH$FORMULA: C29H42N4O5
CH$EXACT_MASS: 526.3155
CH$SMILES: C
CH$IUPAC: InChI=1S/CH4/h1H4
CH$LINK: INCHIKEY N/A
SP$SCIENTIFIC_NAME: Cordyceps javanica
AC$INSTRUMENT: timsTOF Pro, Bruker Daltonics
AC$INSTRUMENT_TYPE: TIMS-TOF
AC$MASS_SPECTROMETRY: MS_TYPE MS2
AC$MASS_SPECTROMETRY: ION_MODE POSITIVE
AC$MASS_SPECTROMETRY: COLLISION_ENERGY 30.0
AC$MASS_SPECTROMETRY: CCS 225.68617248535156
MS$FOCUSED_ION: BASE_PEAK 527.32280
MS$FOCUSED_ION: PRECURSOR_M/Z 527.32280
MS$FOCUSED_ION: PRECURSOR_TYPE [M+H]+
MS$DATA_PROCESSING: Converted with library_to_massbank.py
PK$SPLASH: splash10-0002-0469100000-f96453044698993348b1
PK$NUM_PEAK: 101
PK$PEAK: m/z int. rel.int.
  130.06369 0.133105 133
  132.07868 0.0209619 21
  132.10123 0.0303867 30
  139.11144 0.0999153 100
  142.06266 0.0165709 17
  144.08085 0.0424821 42
  156.13806 0.304985 305
  157.13643 0.0729059 73
  158.08100 0.0347982 35
  159.09034 0.342447 342
  160.09407 0.0390653 39
  166.12087 0.0329302 33
  168.08178 0.0265558 27
  168.14241 0.00600228 6
  170.06060 0.0458559 46
  182.15378 0.0268671 27
  185.07437 0.0151877 15
  185.10901 0.160413 160
  185.12963 0.0162227 16
  186.11014 0.0285168 28
  187.08606 0.145126 145
  188.07058 0.0435704 44
  188.08975 0.0106494 11
  195.05050 0.0100429 10
  196.13451 0.0548986 55
  200.14700 0.00756664 8
  203.13849 0.0859063 86
  208.12900 0.0319039 32
  210.12604 0.013089 13
  210.14784 0.0461306 46
  213.10284 0.0114162 11
  213.12296 0.0235981 24
  214.10234 0.00600775 6
  214.14905 0.0420853 42
  217.09617 0.00890848 9
  226.14758 0.0877988 88
  227.15338 0.0801905 80
  228.15695 0.00874076 9
  230.12885 0.0281826 28
  231.11008 0.00924138 9
  239.17692 0.00799776 8
  240.17805 0.0120523 12
  241.09405 0.0384953 38
  251.17252 0.0143108 14
  258.12375 0.0596904 60
  259.10603 0.0936548 94
  259.12555 0.0136641 14
  260.10604 0.0213811 21
  267.17066 0.0192689 19
  268.17144 0.0704669 70
  271.19375 0.00881347 9
  273.16057 0.0244409 24
  279.17883 0.10249 102
  280.17565 0.0480513 48
  285.18269 0.0288983 29
  287.23188 0.0318707 32
  297.18076 0.204019 204
  297.19582 0.984846 984
  298.19272 0.352751 352
  299.19505 0.0629342 63
  307.18107 0.0639117 64
  308.18218 0.00712352 7
  315.21034 0.344241 344
  316.20914 0.0715455 71
  325.19092 0.595163 595
  326.18972 0.209792 210
  340.25982 0.023023 23
  341.24272 0.011879 12
  342.21585 0.00705966 7
  343.18757 0.0622542 62
  343.20424 0.418847 418
  344.19756 0.591154 591
  344.21365 0.0199608 20
  345.20122 0.099402 99
  350.22437 0.0185489 19
  368.23561 0.0341114 34
  368.25418 0.099405 99
  369.23394 0.00891283 9
  369.25089 0.00672348 7
  369.26406 0.00794061 8
  371.20620 0.00768765 8
  372.19104 0.0107531 11
  382.27220 0.010377 10
  396.22833 1 999
  397.22956 0.166626 166
  398.26639 0.0137816 14
  414.23650 0.114155 114
  415.24158 0.0365796 37
  428.29269 0.125307 125
  429.29368 0.0345291 34
  436.29132 0.00610229 6
  456.28799 0.022344 22
  482.30630 0.00658262 7
  499.32740 0.521772 521
  500.33196 0.154337 154
  509.30656 0.0153454 15
  509.32020 0.00542312 5
  527.26984 0.0133086 13
  527.32257 0.103945 104
  528.25735 0.0115795 12
  528.32557 0.0189451 19
//