ACCESSION: MycoMSB-HZI-002260
RECORD_TITLE: Xanthomegnin; timsTOF; MS2; CE:36.55813953488372; [M+H]+
DATE: 2026.06.26
AUTHORS: Charrià-Girón E, Surup F
LICENSE: CC BY
COPYRIGHT: Helmholtz Centre for Infection Research (HZI)
PUBLICATION: doi:10.1135/cccc19811210
SP$SCIENTIFIC_NAME: Nannizzia cajetalli
COMMENT: Converted from Bruker MetaboScape .library export
CH$NAME: Xanthomegnin
CH$COMPOUND_CLASS: Polyketides
CH$FORMULA: C30H22O12
CH$EXACT_MASS: 574.1111
CH$SMILES: CC1(CC2=CC3=C(C(=C2C(=O)O1)O)C(C(C=4C(C5=C(C=C6CC(C)(OC(C6=C5O)=O)[H])C(C4OC)=O)=O)=C(C3=O)OC)=O)[H]
CH$IUPAC: InChI=1S/C30H22O12/c1-9-5-11-7-13-17(23(33)15(11)29(37)41-9)25(35)19(27(39-3)21(13)31)20-26(36)18-14(22(32)28(20)40-4)8-12-6-10(2)42-30(38)16(12)24(18)34/h7-10,33-34H,5-6H2,1-4H3
CH$LINK: INCHIKEY WICHONPZVIYWIJ-NXEZZACHSA-N
AC$INSTRUMENT: timsTOF Pro, Bruker Daltonics
AC$INSTRUMENT_TYPE: TIMS-TOF
AC$MASS_SPECTROMETRY: MS_TYPE MS2
AC$MASS_SPECTROMETRY: ION_MODE POSITIVE
AC$MASS_SPECTROMETRY: COLLISION_ENERGY 36.55813953488372
AC$MASS_SPECTROMETRY: CCS 208.53436279296875
MS$FOCUSED_ION: BASE_PEAK 575.11840
MS$FOCUSED_ION: PRECURSOR_M/Z 575.11840
MS$FOCUSED_ION: PRECURSOR_TYPE [M+H]+
MS$DATA_PROCESSING: Converted with library_to_massbank.py
PK$SPLASH: splash10-0a70-0000290000-4eab4888e946cbd8245a
PK$NUM_PEAK: 233
PK$PEAK: m/z int. rel.int.
  159.04449 0.0214527 21
  160.05034 0.00777482 8
  171.04571 0.00719891 7
  201.05145 0.00820675 8
  203.03472 0.00532719 5
  205.04788 0.00777482 8
  215.03552 0.0138939 14
  217.05187 0.00727089 7
  225.05410 0.00676697 7
  233.04614 0.0377943 38
  255.06502 0.00547117 5
  258.08670 0.00935858 9
  261.04241 0.0214527 21
  262.04200 0.00604708 6
  263.05835 0.00568714 6
  265.05113 0.00842272 8
  267.06676 0.00640703 6
  269.09002 0.00626305 6
  281.08303 0.00727089 7
  287.09144 0.00698294 7
  296.07110 0.00770283 8
  297.07408 0.0161975 16
  297.08936 0.00633504 6
  298.08106 0.0138219 14
  299.05282 0.0184292 18
  306.05315 0.00611907 6
  308.02934 0.00683896 7
  309.03844 0.0126701 13
  314.08136 0.032899 33
  315.08608 0.0902023 90
  316.08615 0.0179253 18
  317.08862 0.00813476 8
  325.03152 0.013318 13
  325.08229 0.00691095 7
  327.05031 0.0557915 56
  341.06533 0.0228925 23
  367.13345 0.00532719 5
  381.11383 0.006551 7
  393.09136 0.00554316 6
  395.08802 0.00734288 7
  397.06791 0.00568714 6
  407.09179 0.00748686 7
  409.10813 0.00698294 7
  411.09108 0.00597509 6
  419.09006 0.00619106 6
  423.08732 0.0120222 12
  424.09578 0.0123821 12
  425.05918 0.0114463 11
  429.13955 0.0106544 11
  431.07064 0.00611907 6
  433.08002 0.00777482 8
  435.08645 0.0353466 35
  436.05059 0.00575912 6
  436.08325 0.00626305 6
  438.07153 0.00597509 6
  440.08588 0.0116622 12
  440.11355 0.00604708 6
  440.13652 0.00741487 7
  441.13141 0.00813476 8
  442.06822 0.00532719 5
  442.10516 0.0127421 13
  444.04371 0.00827874 8
  446.06986 0.00611907 6
  447.04219 0.0092146 9
  447.08135 0.0137499 14
  449.09451 0.00647902 6
  450.07143 0.0112303 11
  451.08143 0.0288676 29
  452.07929 0.0200849 20
  452.09479 0.00993449 10
  453.06189 0.0092146 9
  453.10067 0.0126701 13
  455.09106 0.00892664 9
  455.10775 0.00626305 6
  457.09428 0.0136059 14
  457.12006 0.00734288 7
  458.10058 0.0125981 13
  459.07064 0.00633504 6
  460.07327 0.00748686 7
  461.06030 0.00734288 7
  461.08028 0.00885465 9
  462.07757 0.0178533 18
  463.05071 0.00971852 10
  463.07498 0.019581 20
  463.11130 0.00640703 6
  464.05094 0.0059031 6
  465.05562 0.00518321 5
  465.09559 0.0321791 32
  466.09771 0.0188611 19
  467.11045 0.00964653 10
  468.08333 0.0416097 42
  469.08857 0.072133 72
  470.09465 0.0310993 31
  471.10035 0.0155496 16
  471.10494 0.0155496 16
  471.11306 0.0116622 12
  471.72124 0.00583111 6
  472.07122 0.00597509 6
  472.11007 0.0105824 11
  473.08795 0.0052552 5
  475.04927 0.0204449 20
  475.07931 0.0119502 12
  475.13150 0.00863869 9
  476.08325 0.00669498 7
  478.06927 0.0267799 27
  478.09904 0.00813476 8
  479.07409 0.0877547 88
  480.08080 0.0958894 96
  481.09203 0.0246922 25
  482.05987 0.0135339 14
  482.09661 0.020013 20
  483.07809 0.00568714 6
  483.10252 0.0631344 63
  484.10883 0.0192211 19
  485.07863 0.0102944 10
  485.09033 0.00878267 9
  485.11910 0.0136779 14
  486.09308 0.0754445 75
  486.12416 0.00892664 9
  486.13929 0.00604708 6
  487.09849 0.0377223 38
  488.04837 0.00539918 5
  488.10703 0.019725 20
  489.05172 0.0141818 14
  489.07255 0.0120942 12
  489.11593 0.0210208 21
  490.06607 0.0473688 47
  490.08416 0.0303074 30
  491.07291 0.0293715 29
  493.05104 0.0123101 12
  493.06493 0.0137499 14
  493.09278 0.0485926 49
  494.06059 0.0105104 10
  494.09601 0.0235404 24
  495.06980 0.013174 13
  495.10515 0.0245483 25
  496.07713 0.0808437 81
  496.10878 0.00503923 5
  497.08491 0.130804 131
  497.11618 0.00950256 9
  497.32197 0.00827874 8
  498.09038 0.0705493 70
  499.06864 0.0109423 11
  499.10504 0.0289396 29
  500.07242 0.0120942 12
  501.05094 0.00575912 6
  501.08198 0.0163415 16
  501.11694 0.0384422 38
  501.14156 0.00698294 7
  502.12759 0.0109423 11
  503.08112 0.0178533 18
  504.07716 0.00511122 5
  504.10877 0.00698294 7
  505.08910 0.00539918 5
  506.06487 0.01303 13
  507.07001 0.220143 220
  507.10496 0.00691095 7
  508.07462 0.183644 183
  509.08287 0.0739328 74
  510.08054 0.0092146 9
  510.08695 0.0107264 11
  510.09246 0.0107264 11
  511.10058 0.357426 357
  511.12261 0.0120942 12
  512.07009 0.00561515 6
  512.10487 0.114463 114
  512.12276 0.0138219 14
  512.13232 0.0174933 17
  513.08260 0.0150457 15
  513.09710 0.0059031 6
  514.08948 0.182276 182
  514.11450 0.00719891 7
  515.09421 0.11907 119
  516.10240 0.0734288 73
  517.07289 0.0267799 27
  517.10913 0.0144698 14
  518.07746 0.00871068 9
  520.13659 0.00532719 5
  521.08732 0.0894824 89
  522.09269 0.0295875 30
  523.09103 0.00626305 6
  524.06985 0.0247642 25
  525.08110 0.135771 136
  526.08008 0.09193 92
  526.10660 0.0218847 22
  527.09254 0.0149017 15
  527.10926 0.0141818 14
  528.05904 0.00820675 8
  528.07471 0.00741487 7
  528.10077 0.0092146 9
  529.07536 0.0191491 19
  529.11124 0.780001 779
  529.30206 0.00532719 5
  530.07033 0.013462 13
  530.11547 0.226622 226
  530.13649 0.0234684 23
  531.09005 0.00799079 8
  531.12120 0.0166295 17
  532.09682 0.109783 110
  533.10580 0.0174214 17
  534.09313 0.0174933 17
  539.09557 1 999
  539.11742 0.0238284 24
  539.96784 0.0121662 12
  540.09845 0.412065 412
  541.09793 0.0352746 35
  541.10464 0.0352746 35
  542.08502 0.161184 161
  543.06911 0.0052552 5
  543.08787 0.167231 167
  544.09650 0.0773882 77
  545.07065 0.0143978 14
  545.09916 0.0268519 27
  545.11603 0.0143978 14
  546.09519 0.00532719 5
  547.12216 0.185084 185
  548.08185 0.00611907 6
  548.12390 0.0529839 53
  549.13335 0.00561515 6
  557.10643 0.92002 919
  557.13403 0.0203729 20
  558.10940 0.346987 347
  558.26142 0.0052552 5
  559.10574 0.0302354 30
  559.12000 0.0242603 24
  560.09356 0.221582 221
  561.09551 0.0681016 68
  562.09464 0.0239004 24
  575.11785 0.291556 291
  575.14431 0.00849471 8
  576.11749 0.103088 103
  576.15197 0.0154776 15
  577.12279 0.0205889 21
//